"Program","Year","Period","Week Ending","Geo Level","State","State ANSI","Ag District","Ag District Code","County","County ANSI","Zip Code","Region","watershed_code","Watershed","Commodity","Data Item","Domain","Domain Category","Value","CV (%)"
"CENSUS","2017","YEAR","","STATE","ALABAMA","01","","","","","","","00000000","","PHEASANTS","PHEASANTS - OPERATIONS WITH SALES","TOTAL","NOT SPECIFIED","16","63.0"
"CENSUS","2017","YEAR","","STATE","ALABAMA","01","","","","","","","00000000","","PHEASANTS","PHEASANTS - SALES, MEASURED IN HEAD","TOTAL","NOT SPECIFIED","78,515","90.1"
"CENSUS","2017","YEAR","","STATE","ALASKA","02","","","","","","","00000000","","PHEASANTS","PHEASANTS - OPERATIONS WITH SALES","TOTAL","NOT SPECIFIED","1","(L)"
"CENSUS","2017","YEAR","","STATE","ALASKA","02","","","","","","","00000000","","PHEASANTS","PHEASANTS - SALES, MEASURED IN HEAD","TOTAL","NOT SPECIFIED"," (D)","(D)"
"CENSUS","2017","YEAR","","STATE","ARIZONA","04","","","","","","","00000000","","PHEASANTS","PHEASANTS - OPERATIONS WITH SALES","TOTAL","NOT SPECIFIED","2","(H)"
"CENSUS","2017","YEAR","","STATE","ARIZONA","04","","","","","","","00000000","","PHEASANTS","PHEASANTS - SALES, MEASURED IN HEAD","TOTAL","NOT SPECIFIED"," (D)","(D)"
"CENSUS","2017","YEAR","","STATE","ARKANSAS","05","","","","","","","00000000","","PHEASANTS","PHEASANTS - OPERATIONS WITH SALES","TOTAL","NOT SPECIFIED","4","60.4"
"CENSUS","2017","YEAR","","STATE","ARKANSAS","05","","","","","","","00000000","","PHEASANTS","PHEASANTS - SALES, MEASURED IN HEAD","TOTAL","NOT SPECIFIED"," (D)","(D)"
"CENSUS","2017","YEAR","","STATE","CALIFORNIA","06","","","","","","","00000000","","PHEASANTS","PHEASANTS - OPERATIONS WITH SALES","TOTAL","NOT SPECIFIED","26","(H)"
"CENSUS","2017","YEAR","","STATE","CALIFORNIA","06","","","","","","","00000000","","PHEASANTS","PHEASANTS - SALES, MEASURED IN HEAD","TOTAL","NOT SPECIFIED","117,774","97.5"
"CENSUS","2017","YEAR","","STATE","COLORADO","08","","","","","","","00000000","","PHEASANTS","PHEASANTS - OPERATIONS WITH SALES","TOTAL","NOT SPECIFIED","31","(H)"
"CENSUS","2017","YEAR","","STATE","COLORADO","08","","","","","","","00000000","","PHEASANTS","PHEASANTS - SALES, MEASURED IN HEAD","TOTAL","NOT SPECIFIED","37,539","7.6"
"CENSUS","2017","YEAR","","STATE","CONNECTICUT","09","","","","","","","00000000","","PHEASANTS","PHEASANTS - OPERATIONS WITH SALES","TOTAL","NOT SPECIFIED","10","70.0"
"CENSUS","2017","YEAR","","STATE","CONNECTICUT","09","","","","","","","00000000","","PHEASANTS","PHEASANTS - SALES, MEASURED IN HEAD","TOTAL","NOT SPECIFIED"," (D)","(D)"
"CENSUS","2017","YEAR","","STATE","FLORIDA","12","","","","","","","00000000","","PHEASANTS","PHEASANTS - OPERATIONS WITH SALES","TOTAL","NOT SPECIFIED","9","68.5"
"CENSUS","2017","YEAR","","STATE","FLORIDA","12","","","","","","","00000000","","PHEASANTS","PHEASANTS - SALES, MEASURED IN HEAD","TOTAL","NOT SPECIFIED","3,163","10.9"
"CENSUS","2017","YEAR","","STATE","GEORGIA","13","","","","","","","00000000","","PHEASANTS","PHEASANTS - OPERATIONS WITH SALES","TOTAL","NOT SPECIFIED","3","4.8"
"CENSUS","2017","YEAR","","STATE","GEORGIA","13","","","","","","","00000000","","PHEASANTS","PHEASANTS - SALES, MEASURED IN HEAD","TOTAL","NOT SPECIFIED"," (D)","(D)"
"CENSUS","2017","YEAR","","STATE","HAWAII","15","","","","","","","00000000","","PHEASANTS","PHEASANTS - OPERATIONS WITH SALES","TOTAL","NOT SPECIFIED","3","78.2"
"CENSUS","2017","YEAR","","STATE","HAWAII","15","","","","","","","00000000","","PHEASANTS","PHEASANTS - SALES, MEASURED IN HEAD","TOTAL","NOT SPECIFIED","260","27.6"
"CENSUS","2017","YEAR","","STATE","IDAHO","16","","","","","","","00000000","","PHEASANTS","PHEASANTS - OPERATIONS WITH SALES","TOTAL","NOT SPECIFIED","17","33.5"
"CENSUS","2017","YEAR","","STATE","IDAHO","16","","","","","","","00000000","","PHEASANTS","PHEASANTS - SALES, MEASURED IN HEAD","TOTAL","NOT SPECIFIED","97,685","72.8"
"CENSUS","2017","YEAR","","STATE","ILLINOIS","17","","","","","","","00000000","","PHEASANTS","PHEASANTS - OPERATIONS WITH SALES","TOTAL","NOT SPECIFIED","37","42.8"
"CENSUS","2017","YEAR","","STATE","ILLINOIS","17","","","","","","","00000000","","PHEASANTS","PHEASANTS - SALES, MEASURED IN HEAD","TOTAL","NOT SPECIFIED","95,907","18.2"
"CENSUS","2017","YEAR","","STATE","INDIANA","18","","","","","","","00000000","","PHEASANTS","PHEASANTS - OPERATIONS WITH SALES","TOTAL","NOT SPECIFIED","35","64.0"
"CENSUS","2017","YEAR","","STATE","INDIANA","18","","","","","","","00000000","","PHEASANTS","PHEASANTS - SALES, MEASURED IN HEAD","TOTAL","NOT SPECIFIED","14,798","83.1"
"CENSUS","2017","YEAR","","STATE","IOWA","19","","","","","","","00000000","","PHEASANTS","PHEASANTS - OPERATIONS WITH SALES","TOTAL","NOT SPECIFIED","29","22.9"
"CENSUS","2017","YEAR","","STATE","IOWA","19","","","","","","","00000000","","PHEASANTS","PHEASANTS - SALES, MEASURED IN HEAD","TOTAL","NOT SPECIFIED","24,973","6.0"
"CENSUS","2017","YEAR","","STATE","KANSAS","20","","","","","","","00000000","","PHEASANTS","PHEASANTS - OPERATIONS WITH SALES","TOTAL","NOT SPECIFIED","26","13.1"
"CENSUS","2017","YEAR","","STATE","KANSAS","20","","","","","","","00000000","","PHEASANTS","PHEASANTS - SALES, MEASURED IN HEAD","TOTAL","NOT SPECIFIED","781,657","7.1"
"CENSUS","2017","YEAR","","STATE","KENTUCKY","21","","","","","","","00000000","","PHEASANTS","PHEASANTS - OPERATIONS WITH SALES","TOTAL","NOT SPECIFIED","28","(H)"
"CENSUS","2017","YEAR","","STATE","KENTUCKY","21","","","","","","","00000000","","PHEASANTS","PHEASANTS - SALES, MEASURED IN HEAD","TOTAL","NOT SPECIFIED","41,363","20.1"
"CENSUS","2017","YEAR","","STATE","LOUISIANA","22","","","","","","","00000000","","PHEASANTS","PHEASANTS - OPERATIONS WITH SALES","TOTAL","NOT SPECIFIED","8","84.9"
"CENSUS","2017","YEAR","","STATE","LOUISIANA","22","","","","","","","00000000","","PHEASANTS","PHEASANTS - SALES, MEASURED IN HEAD","TOTAL","NOT SPECIFIED","1,291","(H)"
"CENSUS","2017","YEAR","","STATE","MAINE","23","","","","","","","00000000","","PHEASANTS","PHEASANTS - OPERATIONS WITH SALES","TOTAL","NOT SPECIFIED","12","37.6"
"CENSUS","2017","YEAR","","STATE","MAINE","23","","","","","","","00000000","","PHEASANTS","PHEASANTS - SALES, MEASURED IN HEAD","TOTAL","NOT SPECIFIED"," (D)","(D)"
"CENSUS","2017","YEAR","","STATE","MARYLAND","24","","","","","","","00000000","","PHEASANTS","PHEASANTS - OPERATIONS WITH SALES","TOTAL","NOT SPECIFIED","13","(H)"
"CENSUS","2017","YEAR","","STATE","MARYLAND","24","","","","","","","00000000","","PHEASANTS","PHEASANTS - SALES, MEASURED IN HEAD","TOTAL","NOT SPECIFIED","6,528","(H)"
"CENSUS","2017","YEAR","","STATE","MASSACHUSETTS","25","","","","","","","00000000","","PHEASANTS","PHEASANTS - OPERATIONS WITH SALES","TOTAL","NOT SPECIFIED","4","73.4"
"CENSUS","2017","YEAR","","STATE","MASSACHUSETTS","25","","","","","","","00000000","","PHEASANTS","PHEASANTS - SALES, MEASURED IN HEAD","TOTAL","NOT SPECIFIED"," (D)","(D)"
"CENSUS","2017","YEAR","","STATE","MICHIGAN","26","","","","","","","00000000","","PHEASANTS","PHEASANTS - OPERATIONS WITH SALES","TOTAL","NOT SPECIFIED","63","46.5"
"CENSUS","2017","YEAR","","STATE","MICHIGAN","26","","","","","","","00000000","","PHEASANTS","PHEASANTS - SALES, MEASURED IN HEAD","TOTAL","NOT SPECIFIED","151,617","16.5"
"CENSUS","2017","YEAR","","STATE","MINNESOTA","27","","","","","","","00000000","","PHEASANTS","PHEASANTS - OPERATIONS WITH SALES","TOTAL","NOT SPECIFIED","63","33.2"
"CENSUS","2017","YEAR","","STATE","MINNESOTA","27","","","","","","","00000000","","PHEASANTS","PHEASANTS - SALES, MEASURED IN HEAD","TOTAL","NOT SPECIFIED","572,704","17.1"
"CENSUS","2017","YEAR","","STATE","MISSISSIPPI","28","","","","","","","00000000","","PHEASANTS","PHEASANTS - OPERATIONS WITH SALES","TOTAL","NOT SPECIFIED","12","94.4"
"CENSUS","2017","YEAR","","STATE","MISSISSIPPI","28","","","","","","","00000000","","PHEASANTS","PHEASANTS - SALES, MEASURED IN HEAD","TOTAL","NOT SPECIFIED","4,722","55.2"
"CENSUS","2017","YEAR","","STATE","MISSOURI","29","","","","","","","00000000","","PHEASANTS","PHEASANTS - OPERATIONS WITH SALES","TOTAL","NOT SPECIFIED","32","(H)"
"CENSUS","2017","YEAR","","STATE","MISSOURI","29","","","","","","","00000000","","PHEASANTS","PHEASANTS - SALES, MEASURED IN HEAD","TOTAL","NOT SPECIFIED","37,968","(H)"
"CENSUS","2017","YEAR","","STATE","MONTANA","30","","","","","","","00000000","","PHEASANTS","PHEASANTS - OPERATIONS WITH SALES","TOTAL","NOT SPECIFIED","14","38.5"
"CENSUS","2017","YEAR","","STATE","MONTANA","30","","","","","","","00000000","","PHEASANTS","PHEASANTS - SALES, MEASURED IN HEAD","TOTAL","NOT SPECIFIED","21,905","5.7"
"CENSUS","2017","YEAR","","STATE","NEBRASKA","31","","","","","","","00000000","","PHEASANTS","PHEASANTS - OPERATIONS WITH SALES","TOTAL","NOT SPECIFIED","20","30.9"
"CENSUS","2017","YEAR","","STATE","NEBRASKA","31","","","","","","","00000000","","PHEASANTS","PHEASANTS - SALES, MEASURED IN HEAD","TOTAL","NOT SPECIFIED","24,910","6.2"
"CENSUS","2017","YEAR","","STATE","NEVADA","32","","","","","","","00000000","","PHEASANTS","PHEASANTS - OPERATIONS WITH SALES","TOTAL","NOT SPECIFIED","2","65.7"
"CENSUS","2017","YEAR","","STATE","NEVADA","32","","","","","","","00000000","","PHEASANTS","PHEASANTS - SALES, MEASURED IN HEAD","TOTAL","NOT SPECIFIED"," (D)","(D)"
"CENSUS","2017","YEAR","","STATE","NEW JERSEY","34","","","","","","","00000000","","PHEASANTS","PHEASANTS - OPERATIONS WITH SALES","TOTAL","NOT SPECIFIED","28","30.8"
"CENSUS","2017","YEAR","","STATE","NEW JERSEY","34","","","","","","","00000000","","PHEASANTS","PHEASANTS - SALES, MEASURED IN HEAD","TOTAL","NOT SPECIFIED","179,872","33.6"
"CENSUS","2017","YEAR","","STATE","NEW MEXICO","35","","","","","","","00000000","","PHEASANTS","PHEASANTS - OPERATIONS WITH SALES","TOTAL","NOT SPECIFIED","6","55.2"
"CENSUS","2017","YEAR","","STATE","NEW MEXICO","35","","","","","","","00000000","","PHEASANTS","PHEASANTS - SALES, MEASURED IN HEAD","TOTAL","NOT SPECIFIED"," (D)","(D)"
"CENSUS","2017","YEAR","","STATE","NEW YORK","36","","","","","","","00000000","","PHEASANTS","PHEASANTS - OPERATIONS WITH SALES","TOTAL","NOT SPECIFIED","55","30.5"
"CENSUS","2017","YEAR","","STATE","NEW YORK","36","","","","","","","00000000","","PHEASANTS","PHEASANTS - SALES, MEASURED IN HEAD","TOTAL","NOT SPECIFIED","100,749","47.5"
"CENSUS","2017","YEAR","","STATE","NORTH CAROLINA","37","","","","","","","00000000","","PHEASANTS","PHEASANTS - OPERATIONS WITH SALES","TOTAL","NOT SPECIFIED","25","92.8"
"CENSUS","2017","YEAR","","STATE","NORTH CAROLINA","37","","","","","","","00000000","","PHEASANTS","PHEASANTS - SALES, MEASURED IN HEAD","TOTAL","NOT SPECIFIED","189,920","3.8"
"CENSUS","2017","YEAR","","STATE","NORTH DAKOTA","38","","","","","","","00000000","","PHEASANTS","PHEASANTS - OPERATIONS WITH SALES","TOTAL","NOT SPECIFIED","14","77.5"
"CENSUS","2017","YEAR","","STATE","NORTH DAKOTA","38","","","","","","","00000000","","PHEASANTS","PHEASANTS - SALES, MEASURED IN HEAD","TOTAL","NOT SPECIFIED","6,756","54.3"
"CENSUS","2017","YEAR","","STATE","OHIO","39","","","","","","","00000000","","PHEASANTS","PHEASANTS - OPERATIONS WITH SALES","TOTAL","NOT SPECIFIED","90","48.6"
"CENSUS","2017","YEAR","","STATE","OHIO","39","","","","","","","00000000","","PHEASANTS","PHEASANTS - SALES, MEASURED IN HEAD","TOTAL","NOT SPECIFIED","836,914","5.3"
"CENSUS","2017","YEAR","","STATE","OKLAHOMA","40","","","","","","","00000000","","PHEASANTS","PHEASANTS - OPERATIONS WITH SALES","TOTAL","NOT SPECIFIED","13","36.0"
"CENSUS","2017","YEAR","","STATE","OKLAHOMA","40","","","","","","","00000000","","PHEASANTS","PHEASANTS - SALES, MEASURED IN HEAD","TOTAL","NOT SPECIFIED","4,695","76.5"
"CENSUS","2017","YEAR","","STATE","OREGON","41","","","","","","","00000000","","PHEASANTS","PHEASANTS - OPERATIONS WITH SALES","TOTAL","NOT SPECIFIED","32","27.8"
"CENSUS","2017","YEAR","","STATE","OREGON","41","","","","","","","00000000","","PHEASANTS","PHEASANTS - SALES, MEASURED IN HEAD","TOTAL","NOT SPECIFIED","71,596","3.6"
"CENSUS","2017","YEAR","","STATE","PENNSYLVANIA","42","","","","","","","00000000","","PHEASANTS","PHEASANTS - OPERATIONS WITH SALES","TOTAL","NOT SPECIFIED","90","29.4"
"CENSUS","2017","YEAR","","STATE","PENNSYLVANIA","42","","","","","","","00000000","","PHEASANTS","PHEASANTS - SALES, MEASURED IN HEAD","TOTAL","NOT SPECIFIED","720,992","4.7"
"CENSUS","2017","YEAR","","STATE","RHODE ISLAND","44","","","","","","","00000000","","PHEASANTS","PHEASANTS - OPERATIONS WITH SALES","TOTAL","NOT SPECIFIED","4","(H)"
"CENSUS","2017","YEAR","","STATE","RHODE ISLAND","44","","","","","","","00000000","","PHEASANTS","PHEASANTS - SALES, MEASURED IN HEAD","TOTAL","NOT SPECIFIED","15,800","(H)"
"CENSUS","2017","YEAR","","STATE","SOUTH CAROLINA","45","","","","","","","00000000","","PHEASANTS","PHEASANTS - OPERATIONS WITH SALES","TOTAL","NOT SPECIFIED","17","90.0"
"CENSUS","2017","YEAR","","STATE","SOUTH CAROLINA","45","","","","","","","00000000","","PHEASANTS","PHEASANTS - SALES, MEASURED IN HEAD","TOTAL","NOT SPECIFIED","1,126","63.7"
"CENSUS","2017","YEAR","","STATE","SOUTH DAKOTA","46","","","","","","","00000000","","PHEASANTS","PHEASANTS - OPERATIONS WITH SALES","TOTAL","NOT SPECIFIED","41","20.2"
"CENSUS","2017","YEAR","","STATE","SOUTH DAKOTA","46","","","","","","","00000000","","PHEASANTS","PHEASANTS - SALES, MEASURED IN HEAD","TOTAL","NOT SPECIFIED","856,188","6.0"
"CENSUS","2017","YEAR","","STATE","TENNESSEE","47","","","","","","","00000000","","PHEASANTS","PHEASANTS - OPERATIONS WITH SALES","TOTAL","NOT SPECIFIED","31","(H)"
"CENSUS","2017","YEAR","","STATE","TENNESSEE","47","","","","","","","00000000","","PHEASANTS","PHEASANTS - SALES, MEASURED IN HEAD","TOTAL","NOT SPECIFIED","7,279","3.9"
"CENSUS","2017","YEAR","","STATE","TEXAS","48","","","","","","","00000000","","PHEASANTS","PHEASANTS - OPERATIONS WITH SALES","TOTAL","NOT SPECIFIED","56","58.3"
"CENSUS","2017","YEAR","","STATE","TEXAS","48","","","","","","","00000000","","PHEASANTS","PHEASANTS - SALES, MEASURED IN HEAD","TOTAL","NOT SPECIFIED","69,423","44.4"
"CENSUS","2017","YEAR","","STATE","UTAH","49","","","","","","","00000000","","PHEASANTS","PHEASANTS - OPERATIONS WITH SALES","TOTAL","NOT SPECIFIED","30","(H)"
"CENSUS","2017","YEAR","","STATE","UTAH","49","","","","","","","00000000","","PHEASANTS","PHEASANTS - SALES, MEASURED IN HEAD","TOTAL","NOT SPECIFIED","56,706","(H)"
"CENSUS","2017","YEAR","","STATE","VERMONT","50","","","","","","","00000000","","PHEASANTS","PHEASANTS - OPERATIONS WITH SALES","TOTAL","NOT SPECIFIED","1","(L)"
"CENSUS","2017","YEAR","","STATE","VERMONT","50","","","","","","","00000000","","PHEASANTS","PHEASANTS - SALES, MEASURED IN HEAD","TOTAL","NOT SPECIFIED"," (D)","(D)"
"CENSUS","2017","YEAR","","STATE","VIRGINIA","51","","","","","","","00000000","","PHEASANTS","PHEASANTS - OPERATIONS WITH SALES","TOTAL","NOT SPECIFIED","16","62.4"
"CENSUS","2017","YEAR","","STATE","VIRGINIA","51","","","","","","","00000000","","PHEASANTS","PHEASANTS - SALES, MEASURED IN HEAD","TOTAL","NOT SPECIFIED","13,085","52.8"
"CENSUS","2017","YEAR","","STATE","WASHINGTON","53","","","","","","","00000000","","PHEASANTS","PHEASANTS - OPERATIONS WITH SALES","TOTAL","NOT SPECIFIED","27","56.4"
"CENSUS","2017","YEAR","","STATE","WASHINGTON","53","","","","","","","00000000","","PHEASANTS","PHEASANTS - SALES, MEASURED IN HEAD","TOTAL","NOT SPECIFIED","56,657","7.9"
"CENSUS","2017","YEAR","","STATE","WEST VIRGINIA","54","","","","","","","00000000","","PHEASANTS","PHEASANTS - OPERATIONS WITH SALES","TOTAL","NOT SPECIFIED","8","(H)"
"CENSUS","2017","YEAR","","STATE","WEST VIRGINIA","54","","","","","","","00000000","","PHEASANTS","PHEASANTS - SALES, MEASURED IN HEAD","TOTAL","NOT SPECIFIED","130","(H)"
"CENSUS","2017","YEAR","","STATE","WISCONSIN","55","","","","","","","00000000","","PHEASANTS","PHEASANTS - OPERATIONS WITH SALES","TOTAL","NOT SPECIFIED","107","50.4"
"CENSUS","2017","YEAR","","STATE","WISCONSIN","55","","","","","","","00000000","","PHEASANTS","PHEASANTS - SALES, MEASURED IN HEAD","TOTAL","NOT SPECIFIED","1,791,196","11.7"
"CENSUS","2017","YEAR","","STATE","WYOMING","56","","","","","","","00000000","","PHEASANTS","PHEASANTS - OPERATIONS WITH SALES","TOTAL","NOT SPECIFIED","5","37.8"
"CENSUS","2017","YEAR","","STATE","WYOMING","56","","","","","","","00000000","","PHEASANTS","PHEASANTS - SALES, MEASURED IN HEAD","TOTAL","NOT SPECIFIED","26,575","91.6"
"CENSUS","2017","END OF DEC","","STATE","ALABAMA","01","","","","","","","00000000","","PHEASANTS","PHEASANTS - INVENTORY","TOTAL","NOT SPECIFIED","53,517","91.8"
"CENSUS","2017","END OF DEC","","STATE","ALABAMA","01","","","","","","","00000000","","PHEASANTS","PHEASANTS - OPERATIONS WITH INVENTORY","TOTAL","NOT SPECIFIED","41","43.2"
"CENSUS","2017","END OF DEC","","STATE","ALASKA","02","","","","","","","00000000","","PHEASANTS","PHEASANTS - INVENTORY","TOTAL","NOT SPECIFIED","57","5.8"
"CENSUS","2017","END OF DEC","","STATE","ALASKA","02","","","","","","","00000000","","PHEASANTS","PHEASANTS - OPERATIONS WITH INVENTORY","TOTAL","NOT SPECIFIED","7","23.4"
"CENSUS","2017","END OF DEC","","STATE","ARIZONA","04","","","","","","","00000000","","PHEASANTS","PHEASANTS - INVENTORY","TOTAL","NOT SPECIFIED","58","97.8"
"CENSUS","2017","END OF DEC","","STATE","ARIZONA","04","","","","","","","00000000","","PHEASANTS","PHEASANTS - OPERATIONS WITH INVENTORY","TOTAL","NOT SPECIFIED","7","98.7"
"CENSUS","2017","END OF DEC","","STATE","ARKANSAS","05","","","","","","","00000000","","PHEASANTS","PHEASANTS - INVENTORY","TOTAL","NOT SPECIFIED","1,672","30.1"
"CENSUS","2017","END OF DEC","","STATE","ARKANSAS","05","","","","","","","00000000","","PHEASANTS","PHEASANTS - OPERATIONS WITH INVENTORY","TOTAL","NOT SPECIFIED","17","(H)"
"CENSUS","2017","END OF DEC","","STATE","CALIFORNIA","06","","","","","","","00000000","","PHEASANTS","PHEASANTS - INVENTORY","TOTAL","NOT SPECIFIED","117,655","56.2"
"CENSUS","2017","END OF DEC","","STATE","CALIFORNIA","06","","","","","","","00000000","","PHEASANTS","PHEASANTS - OPERATIONS WITH INVENTORY","TOTAL","NOT SPECIFIED","71","80.4"
"CENSUS","2017","END OF DEC","","STATE","COLORADO","08","","","","","","","00000000","","PHEASANTS","PHEASANTS - INVENTORY","TOTAL","NOT SPECIFIED","23,324","4.9"
"CENSUS","2017","END OF DEC","","STATE","COLORADO","08","","","","","","","00000000","","PHEASANTS","PHEASANTS - OPERATIONS WITH INVENTORY","TOTAL","NOT SPECIFIED","81","(H)"
"CENSUS","2017","END OF DEC","","STATE","CONNECTICUT","09","","","","","","","00000000","","PHEASANTS","PHEASANTS - INVENTORY","TOTAL","NOT SPECIFIED","3,110","71.3"
"CENSUS","2017","END OF DEC","","STATE","CONNECTICUT","09","","","","","","","00000000","","PHEASANTS","PHEASANTS - OPERATIONS WITH INVENTORY","TOTAL","NOT SPECIFIED","25","49.8"
"CENSUS","2017","END OF DEC","","STATE","DELAWARE","10","","","","","","","00000000","","PHEASANTS","PHEASANTS - INVENTORY","TOTAL","NOT SPECIFIED"," (D)","(D)"
"CENSUS","2017","END OF DEC","","STATE","DELAWARE","10","","","","","","","00000000","","PHEASANTS","PHEASANTS - OPERATIONS WITH INVENTORY","TOTAL","NOT SPECIFIED","1","2.9"
"CENSUS","2017","END OF DEC","","STATE","FLORIDA","12","","","","","","","00000000","","PHEASANTS","PHEASANTS - INVENTORY","TOTAL","NOT SPECIFIED","3,143","19.0"
"CENSUS","2017","END OF DEC","","STATE","FLORIDA","12","","","","","","","00000000","","PHEASANTS","PHEASANTS - OPERATIONS WITH INVENTORY","TOTAL","NOT SPECIFIED","46","84.4"
"CENSUS","2017","END OF DEC","","STATE","GEORGIA","13","","","","","","","00000000","","PHEASANTS","PHEASANTS - INVENTORY","TOTAL","NOT SPECIFIED"," (D)","(D)"
"CENSUS","2017","END OF DEC","","STATE","GEORGIA","13","","","","","","","00000000","","PHEASANTS","PHEASANTS - OPERATIONS WITH INVENTORY","TOTAL","NOT SPECIFIED","24","86.6"
"CENSUS","2017","END OF DEC","","STATE","HAWAII","15","","","","","","","00000000","","PHEASANTS","PHEASANTS - INVENTORY","TOTAL","NOT SPECIFIED","272","28.8"
"CENSUS","2017","END OF DEC","","STATE","HAWAII","15","","","","","","","00000000","","PHEASANTS","PHEASANTS - OPERATIONS WITH INVENTORY","TOTAL","NOT SPECIFIED","7","(H)"
"CENSUS","2017","END OF DEC","","STATE","IDAHO","16","","","","","","","00000000","","PHEASANTS","PHEASANTS - INVENTORY","TOTAL","NOT SPECIFIED","40,828","56.2"
"CENSUS","2017","END OF DEC","","STATE","IDAHO","16","","","","","","","00000000","","PHEASANTS","PHEASANTS - OPERATIONS WITH INVENTORY","TOTAL","NOT SPECIFIED","37","53.3"
"CENSUS","2017","END OF DEC","","STATE","ILLINOIS","17","","","","","","","00000000","","PHEASANTS","PHEASANTS - INVENTORY","TOTAL","NOT SPECIFIED","79,703","13.6"
"CENSUS","2017","END OF DEC","","STATE","ILLINOIS","17","","","","","","","00000000","","PHEASANTS","PHEASANTS - OPERATIONS WITH INVENTORY","TOTAL","NOT SPECIFIED","51","33.3"
"CENSUS","2017","END OF DEC","","STATE","INDIANA","18","","","","","","","00000000","","PHEASANTS","PHEASANTS - INVENTORY","TOTAL","NOT SPECIFIED","10,259","99.0"
"CENSUS","2017","END OF DEC","","STATE","INDIANA","18","","","","","","","00000000","","PHEASANTS","PHEASANTS - OPERATIONS WITH INVENTORY","TOTAL","NOT SPECIFIED","47","51.3"
"CENSUS","2017","END OF DEC","","STATE","IOWA","19","","","","","","","00000000","","PHEASANTS","PHEASANTS - INVENTORY","TOTAL","NOT SPECIFIED","9,724","8.6"
"CENSUS","2017","END OF DEC","","STATE","IOWA","19","","","","","","","00000000","","PHEASANTS","PHEASANTS - OPERATIONS WITH INVENTORY","TOTAL","NOT SPECIFIED","52","24.0"
"CENSUS","2017","END OF DEC","","STATE","KANSAS","20","","","","","","","00000000","","PHEASANTS","PHEASANTS - INVENTORY","TOTAL","NOT SPECIFIED","233,720","4.8"
"CENSUS","2017","END OF DEC","","STATE","KANSAS","20","","","","","","","00000000","","PHEASANTS","PHEASANTS - OPERATIONS WITH INVENTORY","TOTAL","NOT SPECIFIED","38","75.2"
"CENSUS","2017","END OF DEC","","STATE","KENTUCKY","21","","","","","","","00000000","","PHEASANTS","PHEASANTS - INVENTORY","TOTAL","NOT SPECIFIED","19,012","34.5"
"CENSUS","2017","END OF DEC","","STATE","KENTUCKY","21","","","","","","","00000000","","PHEASANTS","PHEASANTS - OPERATIONS WITH INVENTORY","TOTAL","NOT SPECIFIED","76","70.0"
"CENSUS","2017","END OF DEC","","STATE","LOUISIANA","22","","","","","","","00000000","","PHEASANTS","PHEASANTS - INVENTORY","TOTAL","NOT SPECIFIED","1,636","(H)"
"CENSUS","2017","END OF DEC","","STATE","LOUISIANA","22","","","","","","","00000000","","PHEASANTS","PHEASANTS - OPERATIONS WITH INVENTORY","TOTAL","NOT SPECIFIED","14","79.8"
"CENSUS","2017","END OF DEC","","STATE","MAINE","23","","","","","","","00000000","","PHEASANTS","PHEASANTS - INVENTORY","TOTAL","NOT SPECIFIED"," (D)","(D)"
"CENSUS","2017","END OF DEC","","STATE","MAINE","23","","","","","","","00000000","","PHEASANTS","PHEASANTS - OPERATIONS WITH INVENTORY","TOTAL","NOT SPECIFIED","14","39.7"
"CENSUS","2017","END OF DEC","","STATE","MARYLAND","24","","","","","","","00000000","","PHEASANTS","PHEASANTS - INVENTORY","TOTAL","NOT SPECIFIED"," (D)","(D)"
"CENSUS","2017","END OF DEC","","STATE","MARYLAND","24","","","","","","","00000000","","PHEASANTS","PHEASANTS - OPERATIONS WITH INVENTORY","TOTAL","NOT SPECIFIED","11","82.0"
"CENSUS","2017","END OF DEC","","STATE","MASSACHUSETTS","25","","","","","","","00000000","","PHEASANTS","PHEASANTS - INVENTORY","TOTAL","NOT SPECIFIED"," (D)","(D)"
"CENSUS","2017","END OF DEC","","STATE","MASSACHUSETTS","25","","","","","","","00000000","","PHEASANTS","PHEASANTS - OPERATIONS WITH INVENTORY","TOTAL","NOT SPECIFIED","16","71.0"
"CENSUS","2017","END OF DEC","","STATE","MICHIGAN","26","","","","","","","00000000","","PHEASANTS","PHEASANTS - INVENTORY","TOTAL","NOT SPECIFIED","45,711","10.5"
"CENSUS","2017","END OF DEC","","STATE","MICHIGAN","26","","","","","","","00000000","","PHEASANTS","PHEASANTS - OPERATIONS WITH INVENTORY","TOTAL","NOT SPECIFIED","135","32.7"
"CENSUS","2017","END OF DEC","","STATE","MINNESOTA","27","","","","","","","00000000","","PHEASANTS","PHEASANTS - INVENTORY","TOTAL","NOT SPECIFIED","159,951","31.5"
"CENSUS","2017","END OF DEC","","STATE","MINNESOTA","27","","","","","","","00000000","","PHEASANTS","PHEASANTS - OPERATIONS WITH INVENTORY","TOTAL","NOT SPECIFIED","92","21.6"
"CENSUS","2017","END OF DEC","","STATE","MISSISSIPPI","28","","","","","","","00000000","","PHEASANTS","PHEASANTS - INVENTORY","TOTAL","NOT SPECIFIED","422","37.6"
"CENSUS","2017","END OF DEC","","STATE","MISSISSIPPI","28","","","","","","","00000000","","PHEASANTS","PHEASANTS - OPERATIONS WITH INVENTORY","TOTAL","NOT SPECIFIED","36","38.2"
"CENSUS","2017","END OF DEC","","STATE","MISSOURI","29","","","","","","","00000000","","PHEASANTS","PHEASANTS - INVENTORY","TOTAL","NOT SPECIFIED","25,888","(H)"
"CENSUS","2017","END OF DEC","","STATE","MISSOURI","29","","","","","","","00000000","","PHEASANTS","PHEASANTS - OPERATIONS WITH INVENTORY","TOTAL","NOT SPECIFIED","36","82.5"
"CENSUS","2017","END OF DEC","","STATE","MONTANA","30","","","","","","","00000000","","PHEASANTS","PHEASANTS - INVENTORY","TOTAL","NOT SPECIFIED","5,933","27.9"
"CENSUS","2017","END OF DEC","","STATE","MONTANA","30","","","","","","","00000000","","PHEASANTS","PHEASANTS - OPERATIONS WITH INVENTORY","TOTAL","NOT SPECIFIED","10","54.1"
"CENSUS","2017","END OF DEC","","STATE","NEBRASKA","31","","","","","","","00000000","","PHEASANTS","PHEASANTS - INVENTORY","TOTAL","NOT SPECIFIED","8,644","26.1"
"CENSUS","2017","END OF DEC","","STATE","NEBRASKA","31","","","","","","","00000000","","PHEASANTS","PHEASANTS - OPERATIONS WITH INVENTORY","TOTAL","NOT SPECIFIED","40","(H)"
"CENSUS","2017","END OF DEC","","STATE","NEVADA","32","","","","","","","00000000","","PHEASANTS","PHEASANTS - INVENTORY","TOTAL","NOT SPECIFIED","1,088","60.5"
"CENSUS","2017","END OF DEC","","STATE","NEVADA","32","","","","","","","00000000","","PHEASANTS","PHEASANTS - OPERATIONS WITH INVENTORY","TOTAL","NOT SPECIFIED","3","44.0"
"CENSUS","2017","END OF DEC","","STATE","NEW HAMPSHIRE","33","","","","","","","00000000","","PHEASANTS","PHEASANTS - INVENTORY","TOTAL","NOT SPECIFIED","48","(H)"
"CENSUS","2017","END OF DEC","","STATE","NEW HAMPSHIRE","33","","","","","","","00000000","","PHEASANTS","PHEASANTS - OPERATIONS WITH INVENTORY","TOTAL","NOT SPECIFIED","8","(H)"
"CENSUS","2017","END OF DEC","","STATE","NEW JERSEY","34","","","","","","","00000000","","PHEASANTS","PHEASANTS - INVENTORY","TOTAL","NOT SPECIFIED","105,247","83.4"
"CENSUS","2017","END OF DEC","","STATE","NEW JERSEY","34","","","","","","","00000000","","PHEASANTS","PHEASANTS - OPERATIONS WITH INVENTORY","TOTAL","NOT SPECIFIED","47","40.5"
"CENSUS","2017","END OF DEC","","STATE","NEW MEXICO","35","","","","","","","00000000","","PHEASANTS","PHEASANTS - INVENTORY","TOTAL","NOT SPECIFIED"," (D)","(D)"
"CENSUS","2017","END OF DEC","","STATE","NEW MEXICO","35","","","","","","","00000000","","PHEASANTS","PHEASANTS - OPERATIONS WITH INVENTORY","TOTAL","NOT SPECIFIED","15","43.3"
"CENSUS","2017","END OF DEC","","STATE","NEW YORK","36","","","","","","","00000000","","PHEASANTS","PHEASANTS - INVENTORY","TOTAL","NOT SPECIFIED","27,705","45.5"
"CENSUS","2017","END OF DEC","","STATE","NEW YORK","36","","","","","","","00000000","","PHEASANTS","PHEASANTS - OPERATIONS WITH INVENTORY","TOTAL","NOT SPECIFIED","80","(H)"
"CENSUS","2017","END OF DEC","","STATE","NORTH CAROLINA","37","","","","","","","00000000","","PHEASANTS","PHEASANTS - INVENTORY","TOTAL","NOT SPECIFIED","133,971","3.8"
"CENSUS","2017","END OF DEC","","STATE","NORTH CAROLINA","37","","","","","","","00000000","","PHEASANTS","PHEASANTS - OPERATIONS WITH INVENTORY","TOTAL","NOT SPECIFIED","47","59.2"
"CENSUS","2017","END OF DEC","","STATE","NORTH DAKOTA","38","","","","","","","00000000","","PHEASANTS","PHEASANTS - INVENTORY","TOTAL","NOT SPECIFIED","3,185","(H)"
"CENSUS","2017","END OF DEC","","STATE","NORTH DAKOTA","38","","","","","","","00000000","","PHEASANTS","PHEASANTS - OPERATIONS WITH INVENTORY","TOTAL","NOT SPECIFIED","15","(H)"
"CENSUS","2017","END OF DEC","","STATE","OHIO","39","","","","","","","00000000","","PHEASANTS","PHEASANTS - INVENTORY","TOTAL","NOT SPECIFIED","198,391","7.9"
"CENSUS","2017","END OF DEC","","STATE","OHIO","39","","","","","","","00000000","","PHEASANTS","PHEASANTS - OPERATIONS WITH INVENTORY","TOTAL","NOT SPECIFIED","119","36.8"
"CENSUS","2017","END OF DEC","","STATE","OKLAHOMA","40","","","","","","","00000000","","PHEASANTS","PHEASANTS - INVENTORY","TOTAL","NOT SPECIFIED","5,175","74.0"
"CENSUS","2017","END OF DEC","","STATE","OKLAHOMA","40","","","","","","","00000000","","PHEASANTS","PHEASANTS - OPERATIONS WITH INVENTORY","TOTAL","NOT SPECIFIED","47","56.0"
"CENSUS","2017","END OF DEC","","STATE","OREGON","41","","","","","","","00000000","","PHEASANTS","PHEASANTS - INVENTORY","TOTAL","NOT SPECIFIED","27,309","4.1"
"CENSUS","2017","END OF DEC","","STATE","OREGON","41","","","","","","","00000000","","PHEASANTS","PHEASANTS - OPERATIONS WITH INVENTORY","TOTAL","NOT SPECIFIED","58","81.7"
"CENSUS","2017","END OF DEC","","STATE","PENNSYLVANIA","42","","","","","","","00000000","","PHEASANTS","PHEASANTS - INVENTORY","TOTAL","NOT SPECIFIED","274,786","8.6"
"CENSUS","2017","END OF DEC","","STATE","PENNSYLVANIA","42","","","","","","","00000000","","PHEASANTS","PHEASANTS - OPERATIONS WITH INVENTORY","TOTAL","NOT SPECIFIED","132","16.4"
"CENSUS","2017","END OF DEC","","STATE","RHODE ISLAND","44","","","","","","","00000000","","PHEASANTS","PHEASANTS - INVENTORY","TOTAL","NOT SPECIFIED"," (D)","(D)"
"CENSUS","2017","END OF DEC","","STATE","RHODE ISLAND","44","","","","","","","00000000","","PHEASANTS","PHEASANTS - OPERATIONS WITH INVENTORY","TOTAL","NOT SPECIFIED","6","(H)"
"CENSUS","2017","END OF DEC","","STATE","SOUTH CAROLINA","45","","","","","","","00000000","","PHEASANTS","PHEASANTS - INVENTORY","TOTAL","NOT SPECIFIED","1,312","55.2"
"CENSUS","2017","END OF DEC","","STATE","SOUTH CAROLINA","45","","","","","","","00000000","","PHEASANTS","PHEASANTS - OPERATIONS WITH INVENTORY","TOTAL","NOT SPECIFIED","32","51.6"
"CENSUS","2017","END OF DEC","","STATE","SOUTH DAKOTA","46","","","","","","","00000000","","PHEASANTS","PHEASANTS - INVENTORY","TOTAL","NOT SPECIFIED","112,682","6.5"
"CENSUS","2017","END OF DEC","","STATE","SOUTH DAKOTA","46","","","","","","","00000000","","PHEASANTS","PHEASANTS - OPERATIONS WITH INVENTORY","TOTAL","NOT SPECIFIED","46","35.4"
"CENSUS","2017","END OF DEC","","STATE","TENNESSEE","47","","","","","","","00000000","","PHEASANTS","PHEASANTS - INVENTORY","TOTAL","NOT SPECIFIED","2,516","19.4"
"CENSUS","2017","END OF DEC","","STATE","TENNESSEE","47","","","","","","","00000000","","PHEASANTS","PHEASANTS - OPERATIONS WITH INVENTORY","TOTAL","NOT SPECIFIED","85","74.6"
"CENSUS","2017","END OF DEC","","STATE","TEXAS","48","","","","","","","00000000","","PHEASANTS","PHEASANTS - INVENTORY","TOTAL","NOT SPECIFIED","29,626","33.4"
"CENSUS","2017","END OF DEC","","STATE","TEXAS","48","","","","","","","00000000","","PHEASANTS","PHEASANTS - OPERATIONS WITH INVENTORY","TOTAL","NOT SPECIFIED","167","47.7"
"CENSUS","2017","END OF DEC","","STATE","UTAH","49","","","","","","","00000000","","PHEASANTS","PHEASANTS - INVENTORY","TOTAL","NOT SPECIFIED","32,254","(H)"
"CENSUS","2017","END OF DEC","","STATE","UTAH","49","","","","","","","00000000","","PHEASANTS","PHEASANTS - OPERATIONS WITH INVENTORY","TOTAL","NOT SPECIFIED","42","95.5"
"CENSUS","2017","END OF DEC","","STATE","VERMONT","50","","","","","","","00000000","","PHEASANTS","PHEASANTS - INVENTORY","TOTAL","NOT SPECIFIED"," (D)","(D)"
"CENSUS","2017","END OF DEC","","STATE","VERMONT","50","","","","","","","00000000","","PHEASANTS","PHEASANTS - OPERATIONS WITH INVENTORY","TOTAL","NOT SPECIFIED","8","(H)"
"CENSUS","2017","END OF DEC","","STATE","VIRGINIA","51","","","","","","","00000000","","PHEASANTS","PHEASANTS - INVENTORY","TOTAL","NOT SPECIFIED","10,520","63.9"
"CENSUS","2017","END OF DEC","","STATE","VIRGINIA","51","","","","","","","00000000","","PHEASANTS","PHEASANTS - OPERATIONS WITH INVENTORY","TOTAL","NOT SPECIFIED","60","34.8"
"CENSUS","2017","END OF DEC","","STATE","WASHINGTON","53","","","","","","","00000000","","PHEASANTS","PHEASANTS - INVENTORY","TOTAL","NOT SPECIFIED","61,994","7.1"
"CENSUS","2017","END OF DEC","","STATE","WASHINGTON","53","","","","","","","00000000","","PHEASANTS","PHEASANTS - OPERATIONS WITH INVENTORY","TOTAL","NOT SPECIFIED","60","62.3"
"CENSUS","2017","END OF DEC","","STATE","WEST VIRGINIA","54","","","","","","","00000000","","PHEASANTS","PHEASANTS - INVENTORY","TOTAL","NOT SPECIFIED","259","(H)"
"CENSUS","2017","END OF DEC","","STATE","WEST VIRGINIA","54","","","","","","","00000000","","PHEASANTS","PHEASANTS - OPERATIONS WITH INVENTORY","TOTAL","NOT SPECIFIED","19","(H)"
"CENSUS","2017","END OF DEC","","STATE","WISCONSIN","55","","","","","","","00000000","","PHEASANTS","PHEASANTS - INVENTORY","TOTAL","NOT SPECIFIED","478,005","13.4"
"CENSUS","2017","END OF DEC","","STATE","WISCONSIN","55","","","","","","","00000000","","PHEASANTS","PHEASANTS - OPERATIONS WITH INVENTORY","TOTAL","NOT SPECIFIED","147","28.9"
"CENSUS","2017","END OF DEC","","STATE","WYOMING","56","","","","","","","00000000","","PHEASANTS","PHEASANTS - INVENTORY","TOTAL","NOT SPECIFIED","13,952","94.1"
"CENSUS","2017","END OF DEC","","STATE","WYOMING","56","","","","","","","00000000","","PHEASANTS","PHEASANTS - OPERATIONS WITH INVENTORY","TOTAL","NOT SPECIFIED","15","97.9"
"CENSUS","2012","YEAR","","STATE","ALABAMA","01","","","","","","","00000000","","PHEASANTS","PHEASANTS - OPERATIONS WITH SALES","TOTAL","NOT SPECIFIED","28","16.9"
"CENSUS","2012","YEAR","","STATE","ALABAMA","01","","","","","","","00000000","","PHEASANTS","PHEASANTS - SALES, MEASURED IN HEAD","TOTAL","NOT SPECIFIED","32,149","29.1"
"CENSUS","2012","YEAR","","STATE","ALASKA","02","","","","","","","00000000","","PHEASANTS","PHEASANTS - OPERATIONS WITH SALES","TOTAL","NOT SPECIFIED","2","(L)"
"CENSUS","2012","YEAR","","STATE","ALASKA","02","","","","","","","00000000","","PHEASANTS","PHEASANTS - SALES, MEASURED IN HEAD","TOTAL","NOT SPECIFIED"," (D)","(D)"
"CENSUS","2012","YEAR","","STATE","ARIZONA","04","","","","","","","00000000","","PHEASANTS","PHEASANTS - OPERATIONS WITH SALES","TOTAL","NOT SPECIFIED","11","71.6"
"CENSUS","2012","YEAR","","STATE","ARIZONA","04","","","","","","","00000000","","PHEASANTS","PHEASANTS - SALES, MEASURED IN HEAD","TOTAL","NOT SPECIFIED","30","(H)"
"CENSUS","2012","YEAR","","STATE","ARKANSAS","05","","","","","","","00000000","","PHEASANTS","PHEASANTS - OPERATIONS WITH SALES","TOTAL","NOT SPECIFIED","6","70.7"
"CENSUS","2012","YEAR","","STATE","ARKANSAS","05","","","","","","","00000000","","PHEASANTS","PHEASANTS - SALES, MEASURED IN HEAD","TOTAL","NOT SPECIFIED","1,987","(H)"
"CENSUS","2012","YEAR","","STATE","CALIFORNIA","06","","","","","","","00000000","","PHEASANTS","PHEASANTS - OPERATIONS WITH SALES","TOTAL","NOT SPECIFIED","49","22.0"
"CENSUS","2012","YEAR","","STATE","CALIFORNIA","06","","","","","","","00000000","","PHEASANTS","PHEASANTS - SALES, MEASURED IN HEAD","TOTAL","NOT SPECIFIED","432,478","25.4"
"CENSUS","2012","YEAR","","STATE","COLORADO","08","","","","","","","00000000","","PHEASANTS","PHEASANTS - OPERATIONS WITH SALES","TOTAL","NOT SPECIFIED","36","17.1"
"CENSUS","2012","YEAR","","STATE","COLORADO","08","","","","","","","00000000","","PHEASANTS","PHEASANTS - SALES, MEASURED IN HEAD","TOTAL","NOT SPECIFIED","34,045","23.2"
"CENSUS","2012","YEAR","","STATE","CONNECTICUT","09","","","","","","","00000000","","PHEASANTS","PHEASANTS - OPERATIONS WITH SALES","TOTAL","NOT SPECIFIED","18","11.3"
"CENSUS","2012","YEAR","","STATE","CONNECTICUT","09","","","","","","","00000000","","PHEASANTS","PHEASANTS - SALES, MEASURED IN HEAD","TOTAL","NOT SPECIFIED","37,481","19.8"
"CENSUS","2012","YEAR","","STATE","FLORIDA","12","","","","","","","00000000","","PHEASANTS","PHEASANTS - OPERATIONS WITH SALES","TOTAL","NOT SPECIFIED","19","34.2"
"CENSUS","2012","YEAR","","STATE","FLORIDA","12","","","","","","","00000000","","PHEASANTS","PHEASANTS - SALES, MEASURED IN HEAD","TOTAL","NOT SPECIFIED","3,537","80.9"
"CENSUS","2012","YEAR","","STATE","GEORGIA","13","","","","","","","00000000","","PHEASANTS","PHEASANTS - OPERATIONS WITH SALES","TOTAL","NOT SPECIFIED","17","33.5"
"CENSUS","2012","YEAR","","STATE","GEORGIA","13","","","","","","","00000000","","PHEASANTS","PHEASANTS - SALES, MEASURED IN HEAD","TOTAL","NOT SPECIFIED","44,208","48.3"
"CENSUS","2012","YEAR","","STATE","HAWAII","15","","","","","","","00000000","","PHEASANTS","PHEASANTS - OPERATIONS WITH SALES","TOTAL","NOT SPECIFIED","7","35.9"
"CENSUS","2012","YEAR","","STATE","HAWAII","15","","","","","","","00000000","","PHEASANTS","PHEASANTS - SALES, MEASURED IN HEAD","TOTAL","NOT SPECIFIED"," (D)","(D)"
"CENSUS","2012","YEAR","","STATE","IDAHO","16","","","","","","","00000000","","PHEASANTS","PHEASANTS - OPERATIONS WITH SALES","TOTAL","NOT SPECIFIED","24","27.7"
"CENSUS","2012","YEAR","","STATE","IDAHO","16","","","","","","","00000000","","PHEASANTS","PHEASANTS - SALES, MEASURED IN HEAD","TOTAL","NOT SPECIFIED","163,286","83.0"
"CENSUS","2012","YEAR","","STATE","ILLINOIS","17","","","","","","","00000000","","PHEASANTS","PHEASANTS - OPERATIONS WITH SALES","TOTAL","NOT SPECIFIED","35","33.2"
"CENSUS","2012","YEAR","","STATE","ILLINOIS","17","","","","","","","00000000","","PHEASANTS","PHEASANTS - SALES, MEASURED IN HEAD","TOTAL","NOT SPECIFIED","598,768","9.7"
"CENSUS","2012","YEAR","","STATE","INDIANA","18","","","","","","","00000000","","PHEASANTS","PHEASANTS - OPERATIONS WITH SALES","TOTAL","NOT SPECIFIED","32","19.2"
"CENSUS","2012","YEAR","","STATE","INDIANA","18","","","","","","","00000000","","PHEASANTS","PHEASANTS - SALES, MEASURED IN HEAD","TOTAL","NOT SPECIFIED","18,292","41.0"
"CENSUS","2012","YEAR","","STATE","IOWA","19","","","","","","","00000000","","PHEASANTS","PHEASANTS - OPERATIONS WITH SALES","TOTAL","NOT SPECIFIED","42","7.8"
"CENSUS","2012","YEAR","","STATE","IOWA","19","","","","","","","00000000","","PHEASANTS","PHEASANTS - SALES, MEASURED IN HEAD","TOTAL","NOT SPECIFIED","49,446","35.1"
"CENSUS","2012","YEAR","","STATE","KANSAS","20","","","","","","","00000000","","PHEASANTS","PHEASANTS - OPERATIONS WITH SALES","TOTAL","NOT SPECIFIED","34","24.8"
"CENSUS","2012","YEAR","","STATE","KANSAS","20","","","","","","","00000000","","PHEASANTS","PHEASANTS - SALES, MEASURED IN HEAD","TOTAL","NOT SPECIFIED","770,227","23.3"
"CENSUS","2012","YEAR","","STATE","KENTUCKY","21","","","","","","","00000000","","PHEASANTS","PHEASANTS - OPERATIONS WITH SALES","TOTAL","NOT SPECIFIED","15","33.5"
"CENSUS","2012","YEAR","","STATE","KENTUCKY","21","","","","","","","00000000","","PHEASANTS","PHEASANTS - SALES, MEASURED IN HEAD","TOTAL","NOT SPECIFIED","12,026","63.3"
"CENSUS","2012","YEAR","","STATE","LOUISIANA","22","","","","","","","00000000","","PHEASANTS","PHEASANTS - OPERATIONS WITH SALES","TOTAL","NOT SPECIFIED","1","94.9"
"CENSUS","2012","YEAR","","STATE","LOUISIANA","22","","","","","","","00000000","","PHEASANTS","PHEASANTS - SALES, MEASURED IN HEAD","TOTAL","NOT SPECIFIED"," (D)","(D)"
"CENSUS","2012","YEAR","","STATE","MAINE","23","","","","","","","00000000","","PHEASANTS","PHEASANTS - OPERATIONS WITH SALES","TOTAL","NOT SPECIFIED","5","70.6"
"CENSUS","2012","YEAR","","STATE","MAINE","23","","","","","","","00000000","","PHEASANTS","PHEASANTS - SALES, MEASURED IN HEAD","TOTAL","NOT SPECIFIED","8,545","25.4"
"CENSUS","2012","YEAR","","STATE","MARYLAND","24","","","","","","","00000000","","PHEASANTS","PHEASANTS - OPERATIONS WITH SALES","TOTAL","NOT SPECIFIED","3","(H)"
"CENSUS","2012","YEAR","","STATE","MARYLAND","24","","","","","","","00000000","","PHEASANTS","PHEASANTS - SALES, MEASURED IN HEAD","TOTAL","NOT SPECIFIED"," (D)","(D)"
"CENSUS","2012","YEAR","","STATE","MASSACHUSETTS","25","","","","","","","00000000","","PHEASANTS","PHEASANTS - OPERATIONS WITH SALES","TOTAL","NOT SPECIFIED","10","56.9"
"CENSUS","2012","YEAR","","STATE","MASSACHUSETTS","25","","","","","","","00000000","","PHEASANTS","PHEASANTS - SALES, MEASURED IN HEAD","TOTAL","NOT SPECIFIED","140,336","(H)"
"CENSUS","2012","YEAR","","STATE","MICHIGAN","26","","","","","","","00000000","","PHEASANTS","PHEASANTS - OPERATIONS WITH SALES","TOTAL","NOT SPECIFIED","88","21.2"
"CENSUS","2012","YEAR","","STATE","MICHIGAN","26","","","","","","","00000000","","PHEASANTS","PHEASANTS - SALES, MEASURED IN HEAD","TOTAL","NOT SPECIFIED","246,381","82.2"
"CENSUS","2012","YEAR","","STATE","MINNESOTA","27","","","","","","","00000000","","PHEASANTS","PHEASANTS - OPERATIONS WITH SALES","TOTAL","NOT SPECIFIED","72","18.1"
"CENSUS","2012","YEAR","","STATE","MINNESOTA","27","","","","","","","00000000","","PHEASANTS","PHEASANTS - SALES, MEASURED IN HEAD","TOTAL","NOT SPECIFIED","514,920","6.5"
"CENSUS","2012","YEAR","","STATE","MISSISSIPPI","28","","","","","","","00000000","","PHEASANTS","PHEASANTS - OPERATIONS WITH SALES","TOTAL","NOT SPECIFIED","6","63.2"
"CENSUS","2012","YEAR","","STATE","MISSISSIPPI","28","","","","","","","00000000","","PHEASANTS","PHEASANTS - SALES, MEASURED IN HEAD","TOTAL","NOT SPECIFIED","4,098","(H)"
"CENSUS","2012","YEAR","","STATE","MISSOURI","29","","","","","","","00000000","","PHEASANTS","PHEASANTS - OPERATIONS WITH SALES","TOTAL","NOT SPECIFIED","28","20.3"
"CENSUS","2012","YEAR","","STATE","MISSOURI","29","","","","","","","00000000","","PHEASANTS","PHEASANTS - SALES, MEASURED IN HEAD","TOTAL","NOT SPECIFIED","35,984","16.2"
"CENSUS","2012","YEAR","","STATE","MONTANA","30","","","","","","","00000000","","PHEASANTS","PHEASANTS - OPERATIONS WITH SALES","TOTAL","NOT SPECIFIED","12","25.0"
"CENSUS","2012","YEAR","","STATE","MONTANA","30","","","","","","","00000000","","PHEASANTS","PHEASANTS - SALES, MEASURED IN HEAD","TOTAL","NOT SPECIFIED","95,770","5.4"
"CENSUS","2012","YEAR","","STATE","NEBRASKA","31","","","","","","","00000000","","PHEASANTS","PHEASANTS - OPERATIONS WITH SALES","TOTAL","NOT SPECIFIED","29","19.6"
"CENSUS","2012","YEAR","","STATE","NEBRASKA","31","","","","","","","00000000","","PHEASANTS","PHEASANTS - SALES, MEASURED IN HEAD","TOTAL","NOT SPECIFIED","135,629","13.4"
"CENSUS","2012","YEAR","","STATE","NEVADA","32","","","","","","","00000000","","PHEASANTS","PHEASANTS - OPERATIONS WITH SALES","TOTAL","NOT SPECIFIED","3","65.0"
"CENSUS","2012","YEAR","","STATE","NEVADA","32","","","","","","","00000000","","PHEASANTS","PHEASANTS - SALES, MEASURED IN HEAD","TOTAL","NOT SPECIFIED"," (D)","(D)"
"CENSUS","2012","YEAR","","STATE","NEW HAMPSHIRE","33","","","","","","","00000000","","PHEASANTS","PHEASANTS - OPERATIONS WITH SALES","TOTAL","NOT SPECIFIED","1","14.9"
"CENSUS","2012","YEAR","","STATE","NEW HAMPSHIRE","33","","","","","","","00000000","","PHEASANTS","PHEASANTS - SALES, MEASURED IN HEAD","TOTAL","NOT SPECIFIED"," (D)","(D)"
"CENSUS","2012","YEAR","","STATE","NEW JERSEY","34","","","","","","","00000000","","PHEASANTS","PHEASANTS - OPERATIONS WITH SALES","TOTAL","NOT SPECIFIED","37","8.1"
"CENSUS","2012","YEAR","","STATE","NEW JERSEY","34","","","","","","","00000000","","PHEASANTS","PHEASANTS - SALES, MEASURED IN HEAD","TOTAL","NOT SPECIFIED","134,446","57.9"
"CENSUS","2012","YEAR","","STATE","NEW MEXICO","35","","","","","","","00000000","","PHEASANTS","PHEASANTS - OPERATIONS WITH SALES","TOTAL","NOT SPECIFIED","9","9.0"
"CENSUS","2012","YEAR","","STATE","NEW MEXICO","35","","","","","","","00000000","","PHEASANTS","PHEASANTS - SALES, MEASURED IN HEAD","TOTAL","NOT SPECIFIED"," (D)","(D)"
"CENSUS","2012","YEAR","","STATE","NEW YORK","36","","","","","","","00000000","","PHEASANTS","PHEASANTS - OPERATIONS WITH SALES","TOTAL","NOT SPECIFIED","69","18.4"
"CENSUS","2012","YEAR","","STATE","NEW YORK","36","","","","","","","00000000","","PHEASANTS","PHEASANTS - SALES, MEASURED IN HEAD","TOTAL","NOT SPECIFIED","119,996","81.6"
"CENSUS","2012","YEAR","","STATE","NORTH CAROLINA","37","","","","","","","00000000","","PHEASANTS","PHEASANTS - OPERATIONS WITH SALES","TOTAL","NOT SPECIFIED","20","28.5"
"CENSUS","2012","YEAR","","STATE","NORTH CAROLINA","37","","","","","","","00000000","","PHEASANTS","PHEASANTS - SALES, MEASURED IN HEAD","TOTAL","NOT SPECIFIED","103,605","6.2"
"CENSUS","2012","YEAR","","STATE","NORTH DAKOTA","38","","","","","","","00000000","","PHEASANTS","PHEASANTS - OPERATIONS WITH SALES","TOTAL","NOT SPECIFIED","13","34.2"
"CENSUS","2012","YEAR","","STATE","NORTH DAKOTA","38","","","","","","","00000000","","PHEASANTS","PHEASANTS - SALES, MEASURED IN HEAD","TOTAL","NOT SPECIFIED","4,220","94.8"
"CENSUS","2012","YEAR","","STATE","OHIO","39","","","","","","","00000000","","PHEASANTS","PHEASANTS - OPERATIONS WITH SALES","TOTAL","NOT SPECIFIED","85","10.8"
"CENSUS","2012","YEAR","","STATE","OHIO","39","","","","","","","00000000","","PHEASANTS","PHEASANTS - SALES, MEASURED IN HEAD","TOTAL","NOT SPECIFIED","875,536","3.7"
"CENSUS","2012","YEAR","","STATE","OKLAHOMA","40","","","","","","","00000000","","PHEASANTS","PHEASANTS - OPERATIONS WITH SALES","TOTAL","NOT SPECIFIED","14","33.9"
"CENSUS","2012","YEAR","","STATE","OKLAHOMA","40","","","","","","","00000000","","PHEASANTS","PHEASANTS - SALES, MEASURED IN HEAD","TOTAL","NOT SPECIFIED","1,347","31.2"
"CENSUS","2012","YEAR","","STATE","OREGON","41","","","","","","","00000000","","PHEASANTS","PHEASANTS - OPERATIONS WITH SALES","TOTAL","NOT SPECIFIED","42","32.4"
"CENSUS","2012","YEAR","","STATE","OREGON","41","","","","","","","00000000","","PHEASANTS","PHEASANTS - SALES, MEASURED IN HEAD","TOTAL","NOT SPECIFIED","48,065","60.2"
"CENSUS","2012","YEAR","","STATE","PENNSYLVANIA","42","","","","","","","00000000","","PHEASANTS","PHEASANTS - OPERATIONS WITH SALES","TOTAL","NOT SPECIFIED","106","13.2"
"CENSUS","2012","YEAR","","STATE","PENNSYLVANIA","42","","","","","","","00000000","","PHEASANTS","PHEASANTS - SALES, MEASURED IN HEAD","TOTAL","NOT SPECIFIED","733,098","11.3"
"CENSUS","2012","YEAR","","STATE","RHODE ISLAND","44","","","","","","","00000000","","PHEASANTS","PHEASANTS - OPERATIONS WITH SALES","TOTAL","NOT SPECIFIED","3","94.9"
"CENSUS","2012","YEAR","","STATE","RHODE ISLAND","44","","","","","","","00000000","","PHEASANTS","PHEASANTS - SALES, MEASURED IN HEAD","TOTAL","NOT SPECIFIED"," (D)","(D)"
"CENSUS","2012","YEAR","","STATE","SOUTH CAROLINA","45","","","","","","","00000000","","PHEASANTS","PHEASANTS - OPERATIONS WITH SALES","TOTAL","NOT SPECIFIED","8","47.4"
"CENSUS","2012","YEAR","","STATE","SOUTH CAROLINA","45","","","","","","","00000000","","PHEASANTS","PHEASANTS - SALES, MEASURED IN HEAD","TOTAL","NOT SPECIFIED","435","(H)"
"CENSUS","2012","YEAR","","STATE","SOUTH DAKOTA","46","","","","","","","00000000","","PHEASANTS","PHEASANTS - OPERATIONS WITH SALES","TOTAL","NOT SPECIFIED","42","9.0"
"CENSUS","2012","YEAR","","STATE","SOUTH DAKOTA","46","","","","","","","00000000","","PHEASANTS","PHEASANTS - SALES, MEASURED IN HEAD","TOTAL","NOT SPECIFIED","959,959","5.7"
"CENSUS","2012","YEAR","","STATE","TENNESSEE","47","","","","","","","00000000","","PHEASANTS","PHEASANTS - OPERATIONS WITH SALES","TOTAL","NOT SPECIFIED","21","31.0"
"CENSUS","2012","YEAR","","STATE","TENNESSEE","47","","","","","","","00000000","","PHEASANTS","PHEASANTS - SALES, MEASURED IN HEAD","TOTAL","NOT SPECIFIED","7,857","30.0"
"CENSUS","2012","YEAR","","STATE","TEXAS","48","","","","","","","00000000","","PHEASANTS","PHEASANTS - OPERATIONS WITH SALES","TOTAL","NOT SPECIFIED","39","26.1"
"CENSUS","2012","YEAR","","STATE","TEXAS","48","","","","","","","00000000","","PHEASANTS","PHEASANTS - SALES, MEASURED IN HEAD","TOTAL","NOT SPECIFIED","45,158","71.7"
"CENSUS","2012","YEAR","","STATE","UTAH","49","","","","","","","00000000","","PHEASANTS","PHEASANTS - OPERATIONS WITH SALES","TOTAL","NOT SPECIFIED","23","45.0"
"CENSUS","2012","YEAR","","STATE","UTAH","49","","","","","","","00000000","","PHEASANTS","PHEASANTS - SALES, MEASURED IN HEAD","TOTAL","NOT SPECIFIED"," (D)","(D)"
"CENSUS","2012","YEAR","","STATE","VERMONT","50","","","","","","","00000000","","PHEASANTS","PHEASANTS - OPERATIONS WITH SALES","TOTAL","NOT SPECIFIED","8","38.7"
"CENSUS","2012","YEAR","","STATE","VERMONT","50","","","","","","","00000000","","PHEASANTS","PHEASANTS - SALES, MEASURED IN HEAD","TOTAL","NOT SPECIFIED","9,449","63.0"
"CENSUS","2012","YEAR","","STATE","VIRGINIA","51","","","","","","","00000000","","PHEASANTS","PHEASANTS - OPERATIONS WITH SALES","TOTAL","NOT SPECIFIED","21","33.0"
"CENSUS","2012","YEAR","","STATE","VIRGINIA","51","","","","","","","00000000","","PHEASANTS","PHEASANTS - SALES, MEASURED IN HEAD","TOTAL","NOT SPECIFIED","13,893","67.4"
"CENSUS","2012","YEAR","","STATE","WASHINGTON","53","","","","","","","00000000","","PHEASANTS","PHEASANTS - OPERATIONS WITH SALES","TOTAL","NOT SPECIFIED","34","20.6"
"CENSUS","2012","YEAR","","STATE","WASHINGTON","53","","","","","","","00000000","","PHEASANTS","PHEASANTS - SALES, MEASURED IN HEAD","TOTAL","NOT SPECIFIED","72,181","57.1"
"CENSUS","2012","YEAR","","STATE","WEST VIRGINIA","54","","","","","","","00000000","","PHEASANTS","PHEASANTS - OPERATIONS WITH SALES","TOTAL","NOT SPECIFIED","3","70.7"
"CENSUS","2012","YEAR","","STATE","WEST VIRGINIA","54","","","","","","","00000000","","PHEASANTS","PHEASANTS - SALES, MEASURED IN HEAD","TOTAL","NOT SPECIFIED"," (D)","(D)"
"CENSUS","2012","YEAR","","STATE","WISCONSIN","55","","","","","","","00000000","","PHEASANTS","PHEASANTS - OPERATIONS WITH SALES","TOTAL","NOT SPECIFIED","174","8.5"
"CENSUS","2012","YEAR","","STATE","WISCONSIN","55","","","","","","","00000000","","PHEASANTS","PHEASANTS - SALES, MEASURED IN HEAD","TOTAL","NOT SPECIFIED","1,093,635","2.3"
"CENSUS","2012","YEAR","","STATE","WYOMING","56","","","","","","","00000000","","PHEASANTS","PHEASANTS - OPERATIONS WITH SALES","TOTAL","NOT SPECIFIED","11","27.3"
"CENSUS","2012","YEAR","","STATE","WYOMING","56","","","","","","","00000000","","PHEASANTS","PHEASANTS - SALES, MEASURED IN HEAD","TOTAL","NOT SPECIFIED","9,888","38.7"
"CENSUS","2012","END OF DEC","","STATE","ALABAMA","01","","","","","","","00000000","","PHEASANTS","PHEASANTS - INVENTORY","TOTAL","NOT SPECIFIED","13,309","45.9"
"CENSUS","2012","END OF DEC","","STATE","ALABAMA","01","","","","","","","00000000","","PHEASANTS","PHEASANTS - OPERATIONS WITH INVENTORY","TOTAL","NOT SPECIFIED","48","12.8"
"CENSUS","2012","END OF DEC","","STATE","ALASKA","02","","","","","","","00000000","","PHEASANTS","PHEASANTS - INVENTORY","TOTAL","NOT SPECIFIED"," (D)","(D)"
"CENSUS","2012","END OF DEC","","STATE","ALASKA","02","","","","","","","00000000","","PHEASANTS","PHEASANTS - OPERATIONS WITH INVENTORY","TOTAL","NOT SPECIFIED","5","42.4"
"CENSUS","2012","END OF DEC","","STATE","ARIZONA","04","","","","","","","00000000","","PHEASANTS","PHEASANTS - INVENTORY","TOTAL","NOT SPECIFIED","203","35.0"
"CENSUS","2012","END OF DEC","","STATE","ARIZONA","04","","","","","","","00000000","","PHEASANTS","PHEASANTS - OPERATIONS WITH INVENTORY","TOTAL","NOT SPECIFIED","29","38.6"
"CENSUS","2012","END OF DEC","","STATE","ARKANSAS","05","","","","","","","00000000","","PHEASANTS","PHEASANTS - INVENTORY","TOTAL","NOT SPECIFIED","1,155","(H)"
"CENSUS","2012","END OF DEC","","STATE","ARKANSAS","05","","","","","","","00000000","","PHEASANTS","PHEASANTS - OPERATIONS WITH INVENTORY","TOTAL","NOT SPECIFIED","10","32.9"
"CENSUS","2012","END OF DEC","","STATE","CALIFORNIA","06","","","","","","","00000000","","PHEASANTS","PHEASANTS - INVENTORY","TOTAL","NOT SPECIFIED","255,694","29.1"
"CENSUS","2012","END OF DEC","","STATE","CALIFORNIA","06","","","","","","","00000000","","PHEASANTS","PHEASANTS - OPERATIONS WITH INVENTORY","TOTAL","NOT SPECIFIED","94","25.2"
"CENSUS","2012","END OF DEC","","STATE","COLORADO","08","","","","","","","00000000","","PHEASANTS","PHEASANTS - INVENTORY","TOTAL","NOT SPECIFIED","17,266","69.8"
"CENSUS","2012","END OF DEC","","STATE","COLORADO","08","","","","","","","00000000","","PHEASANTS","PHEASANTS - OPERATIONS WITH INVENTORY","TOTAL","NOT SPECIFIED","49","7.5"
"CENSUS","2012","END OF DEC","","STATE","CONNECTICUT","09","","","","","","","00000000","","PHEASANTS","PHEASANTS - INVENTORY","TOTAL","NOT SPECIFIED","1,865","16.3"
"CENSUS","2012","END OF DEC","","STATE","CONNECTICUT","09","","","","","","","00000000","","PHEASANTS","PHEASANTS - OPERATIONS WITH INVENTORY","TOTAL","NOT SPECIFIED","23","19.3"
"CENSUS","2012","END OF DEC","","STATE","DELAWARE","10","","","","","","","00000000","","PHEASANTS","PHEASANTS - INVENTORY","TOTAL","NOT SPECIFIED","316","60.5"
"CENSUS","2012","END OF DEC","","STATE","DELAWARE","10","","","","","","","00000000","","PHEASANTS","PHEASANTS - OPERATIONS WITH INVENTORY","TOTAL","NOT SPECIFIED","10","54.1"
"CENSUS","2012","END OF DEC","","STATE","FLORIDA","12","","","","","","","00000000","","PHEASANTS","PHEASANTS - INVENTORY","TOTAL","NOT SPECIFIED","2,408","82.9"
"CENSUS","2012","END OF DEC","","STATE","FLORIDA","12","","","","","","","00000000","","PHEASANTS","PHEASANTS - OPERATIONS WITH INVENTORY","TOTAL","NOT SPECIFIED","52","25.9"
"CENSUS","2012","END OF DEC","","STATE","GEORGIA","13","","","","","","","00000000","","PHEASANTS","PHEASANTS - INVENTORY","TOTAL","NOT SPECIFIED","36,027","59.2"
"CENSUS","2012","END OF DEC","","STATE","GEORGIA","13","","","","","","","00000000","","PHEASANTS","PHEASANTS - OPERATIONS WITH INVENTORY","TOTAL","NOT SPECIFIED","37","8.8"
"CENSUS","2012","END OF DEC","","STATE","HAWAII","15","","","","","","","00000000","","PHEASANTS","PHEASANTS - INVENTORY","TOTAL","NOT SPECIFIED","531","85.6"
"CENSUS","2012","END OF DEC","","STATE","HAWAII","15","","","","","","","00000000","","PHEASANTS","PHEASANTS - OPERATIONS WITH INVENTORY","TOTAL","NOT SPECIFIED","14","30.1"
"CENSUS","2012","END OF DEC","","STATE","IDAHO","16","","","","","","","00000000","","PHEASANTS","PHEASANTS - INVENTORY","OPERATORS","OPERATORS: (RACE = WHITE, ALONE OR COMBINED WITH OTHER RACES)"," (D)","92.9"
"CENSUS","2012","END OF DEC","","STATE","IDAHO","16","","","","","","","00000000","","PHEASANTS","PHEASANTS - INVENTORY","TOTAL","NOT SPECIFIED","137,590","92.9"
"CENSUS","2012","END OF DEC","","STATE","IDAHO","16","","","","","","","00000000","","PHEASANTS","PHEASANTS - OPERATIONS WITH INVENTORY","OPERATORS","OPERATORS: (RACE = WHITE, ALONE OR COMBINED WITH OTHER RACES)","35","(D)"
"CENSUS","2012","END OF DEC","","STATE","IDAHO","16","","","","","","","00000000","","PHEASANTS","PHEASANTS - OPERATIONS WITH INVENTORY","TOTAL","NOT SPECIFIED","35","21.2"
"CENSUS","2012","END OF DEC","","STATE","ILLINOIS","17","","","","","","","00000000","","PHEASANTS","PHEASANTS - INVENTORY","TOTAL","NOT SPECIFIED","102,086","14.8"
"CENSUS","2012","END OF DEC","","STATE","ILLINOIS","17","","","","","","","00000000","","PHEASANTS","PHEASANTS - OPERATIONS WITH INVENTORY","TOTAL","NOT SPECIFIED","54","14.1"
"CENSUS","2012","END OF DEC","","STATE","INDIANA","18","","","","","","","00000000","","PHEASANTS","PHEASANTS - INVENTORY","TOTAL","NOT SPECIFIED","10,356","52.6"
"CENSUS","2012","END OF DEC","","STATE","INDIANA","18","","","","","","","00000000","","PHEASANTS","PHEASANTS - OPERATIONS WITH INVENTORY","TOTAL","NOT SPECIFIED","45","16.1"
"CENSUS","2012","END OF DEC","","STATE","IOWA","19","","","","","","","00000000","","PHEASANTS","PHEASANTS - INVENTORY","TOTAL","NOT SPECIFIED","40,725","45.4"
"CENSUS","2012","END OF DEC","","STATE","IOWA","19","","","","","","","00000000","","PHEASANTS","PHEASANTS - OPERATIONS WITH INVENTORY","TOTAL","NOT SPECIFIED","51","12.3"
"CENSUS","2012","END OF DEC","","STATE","KANSAS","20","","","","","","","00000000","","PHEASANTS","PHEASANTS - INVENTORY","OPERATORS","OPERATORS: (RACE = WHITE, ALONE OR COMBINED WITH OTHER RACES)","246,132","40.9"
"CENSUS","2012","END OF DEC","","STATE","KANSAS","20","","","","","","","00000000","","PHEASANTS","PHEASANTS - INVENTORY","TOTAL","NOT SPECIFIED","246,132","40.9"
"CENSUS","2012","END OF DEC","","STATE","KANSAS","20","","","","","","","00000000","","PHEASANTS","PHEASANTS - OPERATIONS WITH INVENTORY","OPERATORS","OPERATORS: (RACE = WHITE, ALONE OR COMBINED WITH OTHER RACES)","50","20.3"
"CENSUS","2012","END OF DEC","","STATE","KANSAS","20","","","","","","","00000000","","PHEASANTS","PHEASANTS - OPERATIONS WITH INVENTORY","TOTAL","NOT SPECIFIED","50","20.3"
"CENSUS","2012","END OF DEC","","STATE","KENTUCKY","21","","","","","","","00000000","","PHEASANTS","PHEASANTS - INVENTORY","TOTAL","NOT SPECIFIED","10,220","69.5"
"CENSUS","2012","END OF DEC","","STATE","KENTUCKY","21","","","","","","","00000000","","PHEASANTS","PHEASANTS - OPERATIONS WITH INVENTORY","TOTAL","NOT SPECIFIED","32","28.1"
"CENSUS","2012","END OF DEC","","STATE","LOUISIANA","22","","","","","","","00000000","","PHEASANTS","PHEASANTS - INVENTORY","TOTAL","NOT SPECIFIED","426","86.0"
"CENSUS","2012","END OF DEC","","STATE","LOUISIANA","22","","","","","","","00000000","","PHEASANTS","PHEASANTS - OPERATIONS WITH INVENTORY","TOTAL","NOT SPECIFIED","6","70.7"
"CENSUS","2012","END OF DEC","","STATE","MAINE","23","","","","","","","00000000","","PHEASANTS","PHEASANTS - INVENTORY","OPERATORS","OPERATORS: (RACE = BLACK OR AFRICAN AMERICAN, ALONE OR COMBINED WITH OTHER RACES)"," (D)","23.4"
"CENSUS","2012","END OF DEC","","STATE","MAINE","23","","","","","","","00000000","","PHEASANTS","PHEASANTS - INVENTORY","TOTAL","NOT SPECIFIED","4,130","27.4"
"CENSUS","2012","END OF DEC","","STATE","MAINE","23","","","","","","","00000000","","PHEASANTS","PHEASANTS - OPERATIONS WITH INVENTORY","OPERATORS","OPERATORS: (RACE = BLACK OR AFRICAN AMERICAN, ALONE OR COMBINED WITH OTHER RACES)","1","(D)"
"CENSUS","2012","END OF DEC","","STATE","MAINE","23","","","","","","","00000000","","PHEASANTS","PHEASANTS - OPERATIONS WITH INVENTORY","TOTAL","NOT SPECIFIED","6","10.9"
"CENSUS","2012","END OF DEC","","STATE","MARYLAND","24","","","","","","","00000000","","PHEASANTS","PHEASANTS - INVENTORY","TOTAL","NOT SPECIFIED"," (D)","(D)"
"CENSUS","2012","END OF DEC","","STATE","MARYLAND","24","","","","","","","00000000","","PHEASANTS","PHEASANTS - OPERATIONS WITH INVENTORY","TOTAL","NOT SPECIFIED","10","34.2"
"CENSUS","2012","END OF DEC","","STATE","MASSACHUSETTS","25","","","","","","","00000000","","PHEASANTS","PHEASANTS - INVENTORY","TOTAL","NOT SPECIFIED","8,570","(H)"
"CENSUS","2012","END OF DEC","","STATE","MASSACHUSETTS","25","","","","","","","00000000","","PHEASANTS","PHEASANTS - OPERATIONS WITH INVENTORY","TOTAL","NOT SPECIFIED","36","28.9"
"CENSUS","2012","END OF DEC","","STATE","MICHIGAN","26","","","","","","","00000000","","PHEASANTS","PHEASANTS - INVENTORY","TOTAL","NOT SPECIFIED","112,628","32.6"
"CENSUS","2012","END OF DEC","","STATE","MICHIGAN","26","","","","","","","00000000","","PHEASANTS","PHEASANTS - OPERATIONS WITH INVENTORY","TOTAL","NOT SPECIFIED","133","24.2"
"CENSUS","2012","END OF DEC","","STATE","MINNESOTA","27","","","","","","","00000000","","PHEASANTS","PHEASANTS - INVENTORY","OPERATORS","OPERATORS: (RACE = AMERICAN INDIAN OR ALASKA NATIVE, ALONE OR COMBINED WITH OTHER RACES)"," (D)","(H)"
"CENSUS","2012","END OF DEC","","STATE","MINNESOTA","27","","","","","","","00000000","","PHEASANTS","PHEASANTS - INVENTORY","OPERATORS","OPERATORS: (RACE = BLACK OR AFRICAN AMERICAN, ALONE OR COMBINED WITH OTHER RACES)"," (D)","(H)"
"CENSUS","2012","END OF DEC","","STATE","MINNESOTA","27","","","","","","","00000000","","PHEASANTS","PHEASANTS - INVENTORY","TOTAL","NOT SPECIFIED","147,313","10.8"
"CENSUS","2012","END OF DEC","","STATE","MINNESOTA","27","","","","","","","00000000","","PHEASANTS","PHEASANTS - OPERATIONS WITH INVENTORY","OPERATORS","OPERATORS: (RACE = AMERICAN INDIAN OR ALASKA NATIVE, ALONE OR COMBINED WITH OTHER RACES)","4","(D)"
"CENSUS","2012","END OF DEC","","STATE","MINNESOTA","27","","","","","","","00000000","","PHEASANTS","PHEASANTS - OPERATIONS WITH INVENTORY","OPERATORS","OPERATORS: (RACE = BLACK OR AFRICAN AMERICAN, ALONE OR COMBINED WITH OTHER RACES)","2","(D)"
"CENSUS","2012","END OF DEC","","STATE","MINNESOTA","27","","","","","","","00000000","","PHEASANTS","PHEASANTS - OPERATIONS WITH INVENTORY","TOTAL","NOT SPECIFIED","101","19.2"
"CENSUS","2012","END OF DEC","","STATE","MISSISSIPPI","28","","","","","","","00000000","","PHEASANTS","PHEASANTS - INVENTORY","TOTAL","NOT SPECIFIED","5,783","88.4"
"CENSUS","2012","END OF DEC","","STATE","MISSISSIPPI","28","","","","","","","00000000","","PHEASANTS","PHEASANTS - OPERATIONS WITH INVENTORY","TOTAL","NOT SPECIFIED","18","22.4"
"CENSUS","2012","END OF DEC","","STATE","MISSOURI","29","","","","","","","00000000","","PHEASANTS","PHEASANTS - INVENTORY","TOTAL","NOT SPECIFIED","22,603","16.8"
"CENSUS","2012","END OF DEC","","STATE","MISSOURI","29","","","","","","","00000000","","PHEASANTS","PHEASANTS - OPERATIONS WITH INVENTORY","TOTAL","NOT SPECIFIED","46","24.4"
"CENSUS","2012","END OF DEC","","STATE","MONTANA","30","","","","","","","00000000","","PHEASANTS","PHEASANTS - INVENTORY","TOTAL","NOT SPECIFIED"," (D)","(D)"
"CENSUS","2012","END OF DEC","","STATE","MONTANA","30","","","","","","","00000000","","PHEASANTS","PHEASANTS - OPERATIONS WITH INVENTORY","TOTAL","NOT SPECIFIED","13","34.2"
"CENSUS","2012","END OF DEC","","STATE","NEBRASKA","31","","","","","","","00000000","","PHEASANTS","PHEASANTS - INVENTORY","TOTAL","NOT SPECIFIED","20,430","13.1"
"CENSUS","2012","END OF DEC","","STATE","NEBRASKA","31","","","","","","","00000000","","PHEASANTS","PHEASANTS - OPERATIONS WITH INVENTORY","TOTAL","NOT SPECIFIED","35","22.0"
"CENSUS","2012","END OF DEC","","STATE","NEVADA","32","","","","","","","00000000","","PHEASANTS","PHEASANTS - INVENTORY","TOTAL","NOT SPECIFIED"," (D)","(D)"
"CENSUS","2012","END OF DEC","","STATE","NEVADA","32","","","","","","","00000000","","PHEASANTS","PHEASANTS - OPERATIONS WITH INVENTORY","TOTAL","NOT SPECIFIED","9","54.8"
"CENSUS","2012","END OF DEC","","STATE","NEW HAMPSHIRE","33","","","","","","","00000000","","PHEASANTS","PHEASANTS - INVENTORY","OPERATORS","OPERATORS: (RACE = AMERICAN INDIAN OR ALASKA NATIVE, ALONE OR COMBINED WITH OTHER RACES)"," (D)","15.3"
"CENSUS","2012","END OF DEC","","STATE","NEW HAMPSHIRE","33","","","","","","","00000000","","PHEASANTS","PHEASANTS - INVENTORY","TOTAL","NOT SPECIFIED"," (D)","(D)"
"CENSUS","2012","END OF DEC","","STATE","NEW HAMPSHIRE","33","","","","","","","00000000","","PHEASANTS","PHEASANTS - OPERATIONS WITH INVENTORY","OPERATORS","OPERATORS: (RACE = AMERICAN INDIAN OR ALASKA NATIVE, ALONE OR COMBINED WITH OTHER RACES)","2","(D)"
"CENSUS","2012","END OF DEC","","STATE","NEW HAMPSHIRE","33","","","","","","","00000000","","PHEASANTS","PHEASANTS - OPERATIONS WITH INVENTORY","TOTAL","NOT SPECIFIED","4","62.8"
"CENSUS","2012","END OF DEC","","STATE","NEW JERSEY","34","","","","","","","00000000","","PHEASANTS","PHEASANTS - INVENTORY","OPERATORS","OPERATORS: (RACE = WHITE, ALONE OR COMBINED WITH OTHER RACES)"," (D)","19.3"
"CENSUS","2012","END OF DEC","","STATE","NEW JERSEY","34","","","","","","","00000000","","PHEASANTS","PHEASANTS - INVENTORY","OPERATORS, PRINCIPAL","OPERATORS, PRINCIPAL: (GENDER = FEMALE)"," (D)","22.2"
"CENSUS","2012","END OF DEC","","STATE","NEW JERSEY","34","","","","","","","00000000","","PHEASANTS","PHEASANTS - INVENTORY","TOTAL","NOT SPECIFIED","51,098","19.3"
"CENSUS","2012","END OF DEC","","STATE","NEW JERSEY","34","","","","","","","00000000","","PHEASANTS","PHEASANTS - OPERATIONS WITH INVENTORY","OPERATORS","OPERATORS: (RACE = WHITE, ALONE OR COMBINED WITH OTHER RACES)","39","(D)"
"CENSUS","2012","END OF DEC","","STATE","NEW JERSEY","34","","","","","","","00000000","","PHEASANTS","PHEASANTS - OPERATIONS WITH INVENTORY","OPERATORS, PRINCIPAL","OPERATORS, PRINCIPAL: (GENDER = FEMALE)","3","(D)"
"CENSUS","2012","END OF DEC","","STATE","NEW JERSEY","34","","","","","","","00000000","","PHEASANTS","PHEASANTS - OPERATIONS WITH INVENTORY","TOTAL","NOT SPECIFIED","40","7.1"
"CENSUS","2012","END OF DEC","","STATE","NEW MEXICO","35","","","","","","","00000000","","PHEASANTS","PHEASANTS - INVENTORY","TOTAL","NOT SPECIFIED"," (D)","(D)"
"CENSUS","2012","END OF DEC","","STATE","NEW MEXICO","35","","","","","","","00000000","","PHEASANTS","PHEASANTS - OPERATIONS WITH INVENTORY","TOTAL","NOT SPECIFIED","20","82.6"
"CENSUS","2012","END OF DEC","","STATE","NEW YORK","36","","","","","","","00000000","","PHEASANTS","PHEASANTS - INVENTORY","TOTAL","NOT SPECIFIED","43,220","91.7"
"CENSUS","2012","END OF DEC","","STATE","NEW YORK","36","","","","","","","00000000","","PHEASANTS","PHEASANTS - OPERATIONS WITH INVENTORY","TOTAL","NOT SPECIFIED","91","16.5"
"CENSUS","2012","END OF DEC","","STATE","NORTH CAROLINA","37","","","","","","","00000000","","PHEASANTS","PHEASANTS - INVENTORY","TOTAL","NOT SPECIFIED","46,757","6.7"
"CENSUS","2012","END OF DEC","","STATE","NORTH CAROLINA","37","","","","","","","00000000","","PHEASANTS","PHEASANTS - OPERATIONS WITH INVENTORY","TOTAL","NOT SPECIFIED","47","16.5"
"CENSUS","2012","END OF DEC","","STATE","NORTH DAKOTA","38","","","","","","","00000000","","PHEASANTS","PHEASANTS - INVENTORY","TOTAL","NOT SPECIFIED","8,637","22.3"
"CENSUS","2012","END OF DEC","","STATE","NORTH DAKOTA","38","","","","","","","00000000","","PHEASANTS","PHEASANTS - OPERATIONS WITH INVENTORY","TOTAL","NOT SPECIFIED","17","31.6"
"CENSUS","2012","END OF DEC","","STATE","OHIO","39","","","","","","","00000000","","PHEASANTS","PHEASANTS - INVENTORY","TOTAL","NOT SPECIFIED","127,310","11.4"
"CENSUS","2012","END OF DEC","","STATE","OHIO","39","","","","","","","00000000","","PHEASANTS","PHEASANTS - OPERATIONS WITH INVENTORY","TOTAL","NOT SPECIFIED","120","11.1"
"CENSUS","2012","END OF DEC","","STATE","OKLAHOMA","40","","","","","","","00000000","","PHEASANTS","PHEASANTS - INVENTORY","TOTAL","NOT SPECIFIED","1,687","46.8"
"CENSUS","2012","END OF DEC","","STATE","OKLAHOMA","40","","","","","","","00000000","","PHEASANTS","PHEASANTS - OPERATIONS WITH INVENTORY","TOTAL","NOT SPECIFIED","31","15.6"
"CENSUS","2012","END OF DEC","","STATE","OREGON","41","","","","","","","00000000","","PHEASANTS","PHEASANTS - INVENTORY","TOTAL","NOT SPECIFIED","32,060","61.6"
"CENSUS","2012","END OF DEC","","STATE","OREGON","41","","","","","","","00000000","","PHEASANTS","PHEASANTS - OPERATIONS WITH INVENTORY","TOTAL","NOT SPECIFIED","60","18.9"
"CENSUS","2012","END OF DEC","","STATE","PENNSYLVANIA","42","","","","","","","00000000","","PHEASANTS","PHEASANTS - INVENTORY","OPERATORS","OPERATORS: (RACE = ASIAN, ALONE OR COMBINED WITH OTHER RACES)"," (D)","71.2"
"CENSUS","2012","END OF DEC","","STATE","PENNSYLVANIA","42","","","","","","","00000000","","PHEASANTS","PHEASANTS - INVENTORY","TOTAL","NOT SPECIFIED","349,032","12.0"
"CENSUS","2012","END OF DEC","","STATE","PENNSYLVANIA","42","","","","","","","00000000","","PHEASANTS","PHEASANTS - OPERATIONS WITH INVENTORY","OPERATORS","OPERATORS: (RACE = ASIAN, ALONE OR COMBINED WITH OTHER RACES)","4","(D)"
"CENSUS","2012","END OF DEC","","STATE","PENNSYLVANIA","42","","","","","","","00000000","","PHEASANTS","PHEASANTS - OPERATIONS WITH INVENTORY","TOTAL","NOT SPECIFIED","158","7.1"
"CENSUS","2012","END OF DEC","","STATE","RHODE ISLAND","44","","","","","","","00000000","","PHEASANTS","PHEASANTS - INVENTORY","OPERATORS","OPERATORS: (RACE = WHITE, ALONE OR COMBINED WITH OTHER RACES)"," (D)","94.9"
"CENSUS","2012","END OF DEC","","STATE","RHODE ISLAND","44","","","","","","","00000000","","PHEASANTS","PHEASANTS - INVENTORY","OPERATORS, PRINCIPAL","OPERATORS, PRINCIPAL: (GENDER = FEMALE)"," (D)","94.9"
"CENSUS","2012","END OF DEC","","STATE","RHODE ISLAND","44","","","","","","","00000000","","PHEASANTS","PHEASANTS - INVENTORY","TOTAL","NOT SPECIFIED"," (D)","(D)"
"CENSUS","2012","END OF DEC","","STATE","RHODE ISLAND","44","","","","","","","00000000","","PHEASANTS","PHEASANTS - OPERATIONS WITH INVENTORY","OPERATORS","OPERATORS: (RACE = WHITE, ALONE OR COMBINED WITH OTHER RACES)","3","(D)"
"CENSUS","2012","END OF DEC","","STATE","RHODE ISLAND","44","","","","","","","00000000","","PHEASANTS","PHEASANTS - OPERATIONS WITH INVENTORY","OPERATORS, PRINCIPAL","OPERATORS, PRINCIPAL: (GENDER = FEMALE)","1","(D)"
"CENSUS","2012","END OF DEC","","STATE","RHODE ISLAND","44","","","","","","","00000000","","PHEASANTS","PHEASANTS - OPERATIONS WITH INVENTORY","TOTAL","NOT SPECIFIED","3","83.7"
"CENSUS","2012","END OF DEC","","STATE","SOUTH CAROLINA","45","","","","","","","00000000","","PHEASANTS","PHEASANTS - INVENTORY","TOTAL","NOT SPECIFIED","612","69.3"
"CENSUS","2012","END OF DEC","","STATE","SOUTH CAROLINA","45","","","","","","","00000000","","PHEASANTS","PHEASANTS - OPERATIONS WITH INVENTORY","TOTAL","NOT SPECIFIED","33","18.0"
"CENSUS","2012","END OF DEC","","STATE","SOUTH DAKOTA","46","","","","","","","00000000","","PHEASANTS","PHEASANTS - INVENTORY","OPERATORS, PRINCIPAL","OPERATORS, PRINCIPAL: (GENDER = FEMALE)"," (D)","2.5"
"CENSUS","2012","END OF DEC","","STATE","SOUTH DAKOTA","46","","","","","","","00000000","","PHEASANTS","PHEASANTS - INVENTORY","TOTAL","NOT SPECIFIED","76,864","10.8"
"CENSUS","2012","END OF DEC","","STATE","SOUTH DAKOTA","46","","","","","","","00000000","","PHEASANTS","PHEASANTS - OPERATIONS WITH INVENTORY","OPERATORS, PRINCIPAL","OPERATORS, PRINCIPAL: (GENDER = FEMALE)","2","(D)"
"CENSUS","2012","END OF DEC","","STATE","SOUTH DAKOTA","46","","","","","","","00000000","","PHEASANTS","PHEASANTS - OPERATIONS WITH INVENTORY","TOTAL","NOT SPECIFIED","43","17.1"
"CENSUS","2012","END OF DEC","","STATE","TENNESSEE","47","","","","","","","00000000","","PHEASANTS","PHEASANTS - INVENTORY","TOTAL","NOT SPECIFIED","3,671","27.2"
"CENSUS","2012","END OF DEC","","STATE","TENNESSEE","47","","","","","","","00000000","","PHEASANTS","PHEASANTS - OPERATIONS WITH INVENTORY","TOTAL","NOT SPECIFIED","47","19.5"
"CENSUS","2012","END OF DEC","","STATE","TEXAS","48","","","","","","","00000000","","PHEASANTS","PHEASANTS - INVENTORY","TOTAL","NOT SPECIFIED","12,656","63.9"
"CENSUS","2012","END OF DEC","","STATE","TEXAS","48","","","","","","","00000000","","PHEASANTS","PHEASANTS - OPERATIONS WITH INVENTORY","TOTAL","NOT SPECIFIED","112","19.6"
"CENSUS","2012","END OF DEC","","STATE","UTAH","49","","","","","","","00000000","","PHEASANTS","PHEASANTS - INVENTORY","TOTAL","NOT SPECIFIED","16,622","24.2"
"CENSUS","2012","END OF DEC","","STATE","UTAH","49","","","","","","","00000000","","PHEASANTS","PHEASANTS - OPERATIONS WITH INVENTORY","TOTAL","NOT SPECIFIED","33","26.5"
"CENSUS","2012","END OF DEC","","STATE","VERMONT","50","","","","","","","00000000","","PHEASANTS","PHEASANTS - INVENTORY","OPERATORS","OPERATORS: (RACE = AMERICAN INDIAN OR ALASKA NATIVE, ALONE OR COMBINED WITH OTHER RACES)"," (D)","66.2"
"CENSUS","2012","END OF DEC","","STATE","VERMONT","50","","","","","","","00000000","","PHEASANTS","PHEASANTS - INVENTORY","TOTAL","NOT SPECIFIED","2,912","62.4"
"CENSUS","2012","END OF DEC","","STATE","VERMONT","50","","","","","","","00000000","","PHEASANTS","PHEASANTS - OPERATIONS WITH INVENTORY","OPERATORS","OPERATORS: (RACE = AMERICAN INDIAN OR ALASKA NATIVE, ALONE OR COMBINED WITH OTHER RACES)","1","(D)"
"CENSUS","2012","END OF DEC","","STATE","VERMONT","50","","","","","","","00000000","","PHEASANTS","PHEASANTS - OPERATIONS WITH INVENTORY","TOTAL","NOT SPECIFIED","10","32.9"
"CENSUS","2012","END OF DEC","","STATE","VIRGINIA","51","","","","","","","00000000","","PHEASANTS","PHEASANTS - INVENTORY","TOTAL","NOT SPECIFIED","3,506","30.5"
"CENSUS","2012","END OF DEC","","STATE","VIRGINIA","51","","","","","","","00000000","","PHEASANTS","PHEASANTS - OPERATIONS WITH INVENTORY","TOTAL","NOT SPECIFIED","54","23.0"
"CENSUS","2012","END OF DEC","","STATE","WASHINGTON","53","","","","","","","00000000","","PHEASANTS","PHEASANTS - INVENTORY","TOTAL","NOT SPECIFIED","21,966","56.8"
"CENSUS","2012","END OF DEC","","STATE","WASHINGTON","53","","","","","","","00000000","","PHEASANTS","PHEASANTS - OPERATIONS WITH INVENTORY","TOTAL","NOT SPECIFIED","77","19.6"
"CENSUS","2012","END OF DEC","","STATE","WEST VIRGINIA","54","","","","","","","00000000","","PHEASANTS","PHEASANTS - INVENTORY","TOTAL","NOT SPECIFIED","151","68.0"
"CENSUS","2012","END OF DEC","","STATE","WEST VIRGINIA","54","","","","","","","00000000","","PHEASANTS","PHEASANTS - OPERATIONS WITH INVENTORY","TOTAL","NOT SPECIFIED","14","57.1"
"CENSUS","2012","END OF DEC","","STATE","WISCONSIN","55","","","","","","","00000000","","PHEASANTS","PHEASANTS - INVENTORY","OPERATORS, PRINCIPAL","OPERATORS, PRINCIPAL: (GENDER = FEMALE)","16,088","34.3"
"CENSUS","2012","END OF DEC","","STATE","WISCONSIN","55","","","","","","","00000000","","PHEASANTS","PHEASANTS - INVENTORY","TOTAL","NOT SPECIFIED","389,497","9.4"
"CENSUS","2012","END OF DEC","","STATE","WISCONSIN","55","","","","","","","00000000","","PHEASANTS","PHEASANTS - OPERATIONS WITH INVENTORY","OPERATORS, PRINCIPAL","OPERATORS, PRINCIPAL: (GENDER = FEMALE)","27","21.9"
"CENSUS","2012","END OF DEC","","STATE","WISCONSIN","55","","","","","","","00000000","","PHEASANTS","PHEASANTS - OPERATIONS WITH INVENTORY","TOTAL","NOT SPECIFIED","247","6.9"
"CENSUS","2012","END OF DEC","","STATE","WYOMING","56","","","","","","","00000000","","PHEASANTS","PHEASANTS - INVENTORY","TOTAL","NOT SPECIFIED","8,577","47.7"
"CENSUS","2012","END OF DEC","","STATE","WYOMING","56","","","","","","","00000000","","PHEASANTS","PHEASANTS - OPERATIONS WITH INVENTORY","TOTAL","NOT SPECIFIED","10","30.0"
"CENSUS","2007","YEAR","","STATE","ALABAMA","01","","","","","","","00000000","","PHEASANTS","PHEASANTS - OPERATIONS WITH SALES","TOTAL","NOT SPECIFIED","31",""
"CENSUS","2007","YEAR","","STATE","ALABAMA","01","","","","","","","00000000","","PHEASANTS","PHEASANTS - SALES, MEASURED IN HEAD","TOTAL","NOT SPECIFIED","40,538",""
"CENSUS","2007","YEAR","","STATE","ALASKA","02","","","","","","","00000000","","PHEASANTS","PHEASANTS - OPERATIONS WITH SALES","TOTAL","NOT SPECIFIED","2",""
"CENSUS","2007","YEAR","","STATE","ALASKA","02","","","","","","","00000000","","PHEASANTS","PHEASANTS - SALES, MEASURED IN HEAD","TOTAL","NOT SPECIFIED"," (D)",""
"CENSUS","2007","YEAR","","STATE","ARIZONA","04","","","","","","","00000000","","PHEASANTS","PHEASANTS - OPERATIONS WITH SALES","TOTAL","NOT SPECIFIED","3",""
"CENSUS","2007","YEAR","","STATE","ARIZONA","04","","","","","","","00000000","","PHEASANTS","PHEASANTS - SALES, MEASURED IN HEAD","TOTAL","NOT SPECIFIED"," (D)",""
"CENSUS","2007","YEAR","","STATE","ARKANSAS","05","","","","","","","00000000","","PHEASANTS","PHEASANTS - OPERATIONS WITH SALES","TOTAL","NOT SPECIFIED","19",""
"CENSUS","2007","YEAR","","STATE","ARKANSAS","05","","","","","","","00000000","","PHEASANTS","PHEASANTS - SALES, MEASURED IN HEAD","TOTAL","NOT SPECIFIED","8,907",""
"CENSUS","2007","YEAR","","STATE","CALIFORNIA","06","","","","","","","00000000","","PHEASANTS","PHEASANTS - OPERATIONS WITH SALES","TOTAL","NOT SPECIFIED","74",""
"CENSUS","2007","YEAR","","STATE","CALIFORNIA","06","","","","","","","00000000","","PHEASANTS","PHEASANTS - SALES, MEASURED IN HEAD","TOTAL","NOT SPECIFIED","532,765",""
"CENSUS","2007","YEAR","","STATE","COLORADO","08","","","","","","","00000000","","PHEASANTS","PHEASANTS - OPERATIONS WITH SALES","TOTAL","NOT SPECIFIED","43",""
"CENSUS","2007","YEAR","","STATE","COLORADO","08","","","","","","","00000000","","PHEASANTS","PHEASANTS - SALES, MEASURED IN HEAD","TOTAL","NOT SPECIFIED","106,058",""
"CENSUS","2007","YEAR","","STATE","CONNECTICUT","09","","","","","","","00000000","","PHEASANTS","PHEASANTS - OPERATIONS WITH SALES","TOTAL","NOT SPECIFIED","29",""
"CENSUS","2007","YEAR","","STATE","CONNECTICUT","09","","","","","","","00000000","","PHEASANTS","PHEASANTS - SALES, MEASURED IN HEAD","TOTAL","NOT SPECIFIED","80,485",""
"CENSUS","2007","YEAR","","STATE","DELAWARE","10","","","","","","","00000000","","PHEASANTS","PHEASANTS - OPERATIONS WITH SALES","TOTAL","NOT SPECIFIED","1",""
"CENSUS","2007","YEAR","","STATE","DELAWARE","10","","","","","","","00000000","","PHEASANTS","PHEASANTS - SALES, MEASURED IN HEAD","TOTAL","NOT SPECIFIED"," (D)",""
"CENSUS","2007","YEAR","","STATE","FLORIDA","12","","","","","","","00000000","","PHEASANTS","PHEASANTS - OPERATIONS WITH SALES","TOTAL","NOT SPECIFIED","24",""
"CENSUS","2007","YEAR","","STATE","FLORIDA","12","","","","","","","00000000","","PHEASANTS","PHEASANTS - SALES, MEASURED IN HEAD","TOTAL","NOT SPECIFIED","10,881",""
"CENSUS","2007","YEAR","","STATE","GEORGIA","13","","","","","","","00000000","","PHEASANTS","PHEASANTS - OPERATIONS WITH SALES","TOTAL","NOT SPECIFIED","58",""
"CENSUS","2007","YEAR","","STATE","GEORGIA","13","","","","","","","00000000","","PHEASANTS","PHEASANTS - SALES, MEASURED IN HEAD","TOTAL","NOT SPECIFIED","86,910",""
"CENSUS","2007","YEAR","","STATE","HAWAII","15","","","","","","","00000000","","PHEASANTS","PHEASANTS - OPERATIONS WITH SALES","TOTAL","NOT SPECIFIED","8",""
"CENSUS","2007","YEAR","","STATE","HAWAII","15","","","","","","","00000000","","PHEASANTS","PHEASANTS - SALES, MEASURED IN HEAD","TOTAL","NOT SPECIFIED","2,105",""
"CENSUS","2007","YEAR","","STATE","IDAHO","16","","","","","","","00000000","","PHEASANTS","PHEASANTS - OPERATIONS WITH SALES","TOTAL","NOT SPECIFIED","35",""
"CENSUS","2007","YEAR","","STATE","IDAHO","16","","","","","","","00000000","","PHEASANTS","PHEASANTS - SALES, MEASURED IN HEAD","TOTAL","NOT SPECIFIED","100,940",""
"CENSUS","2007","YEAR","","STATE","ILLINOIS","17","","","","","","","00000000","","PHEASANTS","PHEASANTS - OPERATIONS WITH SALES","TOTAL","NOT SPECIFIED","81",""
"CENSUS","2007","YEAR","","STATE","ILLINOIS","17","","","","","","","00000000","","PHEASANTS","PHEASANTS - SALES, MEASURED IN HEAD","TOTAL","NOT SPECIFIED","465,276",""
"CENSUS","2007","YEAR","","STATE","INDIANA","18","","","","","","","00000000","","PHEASANTS","PHEASANTS - OPERATIONS WITH SALES","TOTAL","NOT SPECIFIED","47",""
"CENSUS","2007","YEAR","","STATE","INDIANA","18","","","","","","","00000000","","PHEASANTS","PHEASANTS - SALES, MEASURED IN HEAD","TOTAL","NOT SPECIFIED","28,758",""
"CENSUS","2007","YEAR","","STATE","IOWA","19","","","","","","","00000000","","PHEASANTS","PHEASANTS - OPERATIONS WITH SALES","TOTAL","NOT SPECIFIED","61",""
"CENSUS","2007","YEAR","","STATE","IOWA","19","","","","","","","00000000","","PHEASANTS","PHEASANTS - SALES, MEASURED IN HEAD","TOTAL","NOT SPECIFIED","110,925",""
"CENSUS","2007","YEAR","","STATE","KANSAS","20","","","","","","","00000000","","PHEASANTS","PHEASANTS - OPERATIONS WITH SALES","TOTAL","NOT SPECIFIED","81",""
"CENSUS","2007","YEAR","","STATE","KANSAS","20","","","","","","","00000000","","PHEASANTS","PHEASANTS - SALES, MEASURED IN HEAD","TOTAL","NOT SPECIFIED","875,712",""
"CENSUS","2007","YEAR","","STATE","KENTUCKY","21","","","","","","","00000000","","PHEASANTS","PHEASANTS - OPERATIONS WITH SALES","TOTAL","NOT SPECIFIED","41",""
"CENSUS","2007","YEAR","","STATE","KENTUCKY","21","","","","","","","00000000","","PHEASANTS","PHEASANTS - SALES, MEASURED IN HEAD","TOTAL","NOT SPECIFIED","38,492",""
"CENSUS","2007","YEAR","","STATE","LOUISIANA","22","","","","","","","00000000","","PHEASANTS","PHEASANTS - OPERATIONS WITH SALES","TOTAL","NOT SPECIFIED","8",""
"CENSUS","2007","YEAR","","STATE","LOUISIANA","22","","","","","","","00000000","","PHEASANTS","PHEASANTS - SALES, MEASURED IN HEAD","TOTAL","NOT SPECIFIED","1,033",""
"CENSUS","2007","YEAR","","STATE","MAINE","23","","","","","","","00000000","","PHEASANTS","PHEASANTS - OPERATIONS WITH SALES","TOTAL","NOT SPECIFIED","7",""
"CENSUS","2007","YEAR","","STATE","MAINE","23","","","","","","","00000000","","PHEASANTS","PHEASANTS - SALES, MEASURED IN HEAD","TOTAL","NOT SPECIFIED","7,776",""
"CENSUS","2007","YEAR","","STATE","MARYLAND","24","","","","","","","00000000","","PHEASANTS","PHEASANTS - OPERATIONS WITH SALES","TOTAL","NOT SPECIFIED","6",""
"CENSUS","2007","YEAR","","STATE","MARYLAND","24","","","","","","","00000000","","PHEASANTS","PHEASANTS - SALES, MEASURED IN HEAD","TOTAL","NOT SPECIFIED"," (D)",""
"CENSUS","2007","YEAR","","STATE","MASSACHUSETTS","25","","","","","","","00000000","","PHEASANTS","PHEASANTS - OPERATIONS WITH SALES","TOTAL","NOT SPECIFIED","23",""
"CENSUS","2007","YEAR","","STATE","MASSACHUSETTS","25","","","","","","","00000000","","PHEASANTS","PHEASANTS - SALES, MEASURED IN HEAD","TOTAL","NOT SPECIFIED"," (D)",""
"CENSUS","2007","YEAR","","STATE","MICHIGAN","26","","","","","","","00000000","","PHEASANTS","PHEASANTS - OPERATIONS WITH SALES","TOTAL","NOT SPECIFIED","187",""
"CENSUS","2007","YEAR","","STATE","MICHIGAN","26","","","","","","","00000000","","PHEASANTS","PHEASANTS - SALES, MEASURED IN HEAD","TOTAL","NOT SPECIFIED","597,201",""
"CENSUS","2007","YEAR","","STATE","MINNESOTA","27","","","","","","","00000000","","PHEASANTS","PHEASANTS - OPERATIONS WITH SALES","TOTAL","NOT SPECIFIED","168",""
"CENSUS","2007","YEAR","","STATE","MINNESOTA","27","","","","","","","00000000","","PHEASANTS","PHEASANTS - SALES, MEASURED IN HEAD","TOTAL","NOT SPECIFIED","1,104,303",""
"CENSUS","2007","YEAR","","STATE","MISSISSIPPI","28","","","","","","","00000000","","PHEASANTS","PHEASANTS - OPERATIONS WITH SALES","TOTAL","NOT SPECIFIED","16",""
"CENSUS","2007","YEAR","","STATE","MISSISSIPPI","28","","","","","","","00000000","","PHEASANTS","PHEASANTS - SALES, MEASURED IN HEAD","TOTAL","NOT SPECIFIED","5,244",""
"CENSUS","2007","YEAR","","STATE","MISSOURI","29","","","","","","","00000000","","PHEASANTS","PHEASANTS - OPERATIONS WITH SALES","TOTAL","NOT SPECIFIED","57",""
"CENSUS","2007","YEAR","","STATE","MISSOURI","29","","","","","","","00000000","","PHEASANTS","PHEASANTS - SALES, MEASURED IN HEAD","TOTAL","NOT SPECIFIED","39,964",""
"CENSUS","2007","YEAR","","STATE","MONTANA","30","","","","","","","00000000","","PHEASANTS","PHEASANTS - OPERATIONS WITH SALES","TOTAL","NOT SPECIFIED","41",""
"CENSUS","2007","YEAR","","STATE","MONTANA","30","","","","","","","00000000","","PHEASANTS","PHEASANTS - SALES, MEASURED IN HEAD","TOTAL","NOT SPECIFIED","107,500",""
"CENSUS","2007","YEAR","","STATE","NEBRASKA","31","","","","","","","00000000","","PHEASANTS","PHEASANTS - OPERATIONS WITH SALES","TOTAL","NOT SPECIFIED","56",""
"CENSUS","2007","YEAR","","STATE","NEBRASKA","31","","","","","","","00000000","","PHEASANTS","PHEASANTS - SALES, MEASURED IN HEAD","TOTAL","NOT SPECIFIED","208,829",""
"CENSUS","2007","YEAR","","STATE","NEVADA","32","","","","","","","00000000","","PHEASANTS","PHEASANTS - OPERATIONS WITH SALES","TOTAL","NOT SPECIFIED","4",""
"CENSUS","2007","YEAR","","STATE","NEVADA","32","","","","","","","00000000","","PHEASANTS","PHEASANTS - SALES, MEASURED IN HEAD","TOTAL","NOT SPECIFIED"," (D)",""
"CENSUS","2007","YEAR","","STATE","NEW HAMPSHIRE","33","","","","","","","00000000","","PHEASANTS","PHEASANTS - OPERATIONS WITH SALES","TOTAL","NOT SPECIFIED","10",""
"CENSUS","2007","YEAR","","STATE","NEW HAMPSHIRE","33","","","","","","","00000000","","PHEASANTS","PHEASANTS - SALES, MEASURED IN HEAD","TOTAL","NOT SPECIFIED","710",""
"CENSUS","2007","YEAR","","STATE","NEW JERSEY","34","","","","","","","00000000","","PHEASANTS","PHEASANTS - OPERATIONS WITH SALES","TOTAL","NOT SPECIFIED","42",""
"CENSUS","2007","YEAR","","STATE","NEW JERSEY","34","","","","","","","00000000","","PHEASANTS","PHEASANTS - SALES, MEASURED IN HEAD","TOTAL","NOT SPECIFIED","227,413",""
"CENSUS","2007","YEAR","","STATE","NEW MEXICO","35","","","","","","","00000000","","PHEASANTS","PHEASANTS - OPERATIONS WITH SALES","TOTAL","NOT SPECIFIED","11",""
"CENSUS","2007","YEAR","","STATE","NEW MEXICO","35","","","","","","","00000000","","PHEASANTS","PHEASANTS - SALES, MEASURED IN HEAD","TOTAL","NOT SPECIFIED"," (D)",""
"CENSUS","2007","YEAR","","STATE","NEW YORK","36","","","","","","","00000000","","PHEASANTS","PHEASANTS - OPERATIONS WITH SALES","TOTAL","NOT SPECIFIED","135",""
"CENSUS","2007","YEAR","","STATE","NEW YORK","36","","","","","","","00000000","","PHEASANTS","PHEASANTS - SALES, MEASURED IN HEAD","TOTAL","NOT SPECIFIED","364,941",""
"CENSUS","2007","YEAR","","STATE","NORTH CAROLINA","37","","","","","","","00000000","","PHEASANTS","PHEASANTS - OPERATIONS WITH SALES","TOTAL","NOT SPECIFIED","41",""
"CENSUS","2007","YEAR","","STATE","NORTH CAROLINA","37","","","","","","","00000000","","PHEASANTS","PHEASANTS - SALES, MEASURED IN HEAD","TOTAL","NOT SPECIFIED","94,091",""
"CENSUS","2007","YEAR","","STATE","NORTH DAKOTA","38","","","","","","","00000000","","PHEASANTS","PHEASANTS - OPERATIONS WITH SALES","TOTAL","NOT SPECIFIED","22",""
"CENSUS","2007","YEAR","","STATE","NORTH DAKOTA","38","","","","","","","00000000","","PHEASANTS","PHEASANTS - SALES, MEASURED IN HEAD","TOTAL","NOT SPECIFIED","64,755",""
"CENSUS","2007","YEAR","","STATE","OHIO","39","","","","","","","00000000","","PHEASANTS","PHEASANTS - OPERATIONS WITH SALES","TOTAL","NOT SPECIFIED","118",""
"CENSUS","2007","YEAR","","STATE","OHIO","39","","","","","","","00000000","","PHEASANTS","PHEASANTS - SALES, MEASURED IN HEAD","TOTAL","NOT SPECIFIED","990,076",""
"CENSUS","2007","YEAR","","STATE","OKLAHOMA","40","","","","","","","00000000","","PHEASANTS","PHEASANTS - OPERATIONS WITH SALES","TOTAL","NOT SPECIFIED","49",""
"CENSUS","2007","YEAR","","STATE","OKLAHOMA","40","","","","","","","00000000","","PHEASANTS","PHEASANTS - SALES, MEASURED IN HEAD","TOTAL","NOT SPECIFIED","11,511",""
"CENSUS","2007","YEAR","","STATE","OREGON","41","","","","","","","00000000","","PHEASANTS","PHEASANTS - OPERATIONS WITH SALES","TOTAL","NOT SPECIFIED","81",""
"CENSUS","2007","YEAR","","STATE","OREGON","41","","","","","","","00000000","","PHEASANTS","PHEASANTS - SALES, MEASURED IN HEAD","TOTAL","NOT SPECIFIED","236,712",""
"CENSUS","2007","YEAR","","STATE","PENNSYLVANIA","42","","","","","","","00000000","","PHEASANTS","PHEASANTS - OPERATIONS WITH SALES","TOTAL","NOT SPECIFIED","149",""
"CENSUS","2007","YEAR","","STATE","PENNSYLVANIA","42","","","","","","","00000000","","PHEASANTS","PHEASANTS - SALES, MEASURED IN HEAD","TOTAL","NOT SPECIFIED","773,312",""
"CENSUS","2007","YEAR","","STATE","RHODE ISLAND","44","","","","","","","00000000","","PHEASANTS","PHEASANTS - OPERATIONS WITH SALES","TOTAL","NOT SPECIFIED","4",""
"CENSUS","2007","YEAR","","STATE","RHODE ISLAND","44","","","","","","","00000000","","PHEASANTS","PHEASANTS - SALES, MEASURED IN HEAD","TOTAL","NOT SPECIFIED"," (D)",""
"CENSUS","2007","YEAR","","STATE","SOUTH CAROLINA","45","","","","","","","00000000","","PHEASANTS","PHEASANTS - OPERATIONS WITH SALES","TOTAL","NOT SPECIFIED","19",""
"CENSUS","2007","YEAR","","STATE","SOUTH CAROLINA","45","","","","","","","00000000","","PHEASANTS","PHEASANTS - SALES, MEASURED IN HEAD","TOTAL","NOT SPECIFIED","1,064",""
"CENSUS","2007","YEAR","","STATE","SOUTH DAKOTA","46","","","","","","","00000000","","PHEASANTS","PHEASANTS - OPERATIONS WITH SALES","TOTAL","NOT SPECIFIED","110",""
"CENSUS","2007","YEAR","","STATE","SOUTH DAKOTA","46","","","","","","","00000000","","PHEASANTS","PHEASANTS - SALES, MEASURED IN HEAD","TOTAL","NOT SPECIFIED","1,596,063",""
"CENSUS","2007","YEAR","","STATE","TENNESSEE","47","","","","","","","00000000","","PHEASANTS","PHEASANTS - OPERATIONS WITH SALES","TOTAL","NOT SPECIFIED","32",""
"CENSUS","2007","YEAR","","STATE","TENNESSEE","47","","","","","","","00000000","","PHEASANTS","PHEASANTS - SALES, MEASURED IN HEAD","TOTAL","NOT SPECIFIED","5,498",""
"CENSUS","2007","YEAR","","STATE","TEXAS","48","","","","","","","00000000","","PHEASANTS","PHEASANTS - OPERATIONS WITH SALES","TOTAL","NOT SPECIFIED","86",""
"CENSUS","2007","YEAR","","STATE","TEXAS","48","","","","","","","00000000","","PHEASANTS","PHEASANTS - SALES, MEASURED IN HEAD","TOTAL","NOT SPECIFIED","76,757",""
"CENSUS","2007","YEAR","","STATE","UTAH","49","","","","","","","00000000","","PHEASANTS","PHEASANTS - OPERATIONS WITH SALES","TOTAL","NOT SPECIFIED","62",""
"CENSUS","2007","YEAR","","STATE","UTAH","49","","","","","","","00000000","","PHEASANTS","PHEASANTS - SALES, MEASURED IN HEAD","TOTAL","NOT SPECIFIED","218,552",""
"CENSUS","2007","YEAR","","STATE","VERMONT","50","","","","","","","00000000","","PHEASANTS","PHEASANTS - OPERATIONS WITH SALES","TOTAL","NOT SPECIFIED","8",""
"CENSUS","2007","YEAR","","STATE","VERMONT","50","","","","","","","00000000","","PHEASANTS","PHEASANTS - SALES, MEASURED IN HEAD","TOTAL","NOT SPECIFIED"," (D)",""
"CENSUS","2007","YEAR","","STATE","VIRGINIA","51","","","","","","","00000000","","PHEASANTS","PHEASANTS - OPERATIONS WITH SALES","TOTAL","NOT SPECIFIED","32",""
"CENSUS","2007","YEAR","","STATE","VIRGINIA","51","","","","","","","00000000","","PHEASANTS","PHEASANTS - SALES, MEASURED IN HEAD","TOTAL","NOT SPECIFIED","23,857",""
"CENSUS","2007","YEAR","","STATE","WASHINGTON","53","","","","","","","00000000","","PHEASANTS","PHEASANTS - OPERATIONS WITH SALES","TOTAL","NOT SPECIFIED","52",""
"CENSUS","2007","YEAR","","STATE","WASHINGTON","53","","","","","","","00000000","","PHEASANTS","PHEASANTS - SALES, MEASURED IN HEAD","TOTAL","NOT SPECIFIED","45,913",""
"CENSUS","2007","YEAR","","STATE","WEST VIRGINIA","54","","","","","","","00000000","","PHEASANTS","PHEASANTS - OPERATIONS WITH SALES","TOTAL","NOT SPECIFIED","13",""
"CENSUS","2007","YEAR","","STATE","WEST VIRGINIA","54","","","","","","","00000000","","PHEASANTS","PHEASANTS - SALES, MEASURED IN HEAD","TOTAL","NOT SPECIFIED","709",""
"CENSUS","2007","YEAR","","STATE","WISCONSIN","55","","","","","","","00000000","","PHEASANTS","PHEASANTS - OPERATIONS WITH SALES","TOTAL","NOT SPECIFIED","280",""
"CENSUS","2007","YEAR","","STATE","WISCONSIN","55","","","","","","","00000000","","PHEASANTS","PHEASANTS - SALES, MEASURED IN HEAD","TOTAL","NOT SPECIFIED","1,352,589",""
"CENSUS","2007","YEAR","","STATE","WYOMING","56","","","","","","","00000000","","PHEASANTS","PHEASANTS - OPERATIONS WITH SALES","TOTAL","NOT SPECIFIED","15",""
"CENSUS","2007","YEAR","","STATE","WYOMING","56","","","","","","","00000000","","PHEASANTS","PHEASANTS - SALES, MEASURED IN HEAD","TOTAL","NOT SPECIFIED","42,391",""
"CENSUS","2007","END OF DEC","","STATE","ALABAMA","01","","","","","","","00000000","","PHEASANTS","PHEASANTS - INVENTORY","TOTAL","NOT SPECIFIED","23,993",""
"CENSUS","2007","END OF DEC","","STATE","ALABAMA","01","","","","","","","00000000","","PHEASANTS","PHEASANTS - OPERATIONS WITH INVENTORY","TOTAL","NOT SPECIFIED","72",""
"CENSUS","2007","END OF DEC","","STATE","ALASKA","02","","","","","","","00000000","","PHEASANTS","PHEASANTS - INVENTORY","TOTAL","NOT SPECIFIED"," (D)",""
"CENSUS","2007","END OF DEC","","STATE","ALASKA","02","","","","","","","00000000","","PHEASANTS","PHEASANTS - OPERATIONS WITH INVENTORY","TOTAL","NOT SPECIFIED","3",""
"CENSUS","2007","END OF DEC","","STATE","ARIZONA","04","","","","","","","00000000","","PHEASANTS","PHEASANTS - INVENTORY","TOTAL","NOT SPECIFIED","411",""
"CENSUS","2007","END OF DEC","","STATE","ARIZONA","04","","","","","","","00000000","","PHEASANTS","PHEASANTS - OPERATIONS WITH INVENTORY","TOTAL","NOT SPECIFIED","40",""
"CENSUS","2007","END OF DEC","","STATE","ARKANSAS","05","","","","","","","00000000","","PHEASANTS","PHEASANTS - INVENTORY","TOTAL","NOT SPECIFIED","4,711",""
"CENSUS","2007","END OF DEC","","STATE","ARKANSAS","05","","","","","","","00000000","","PHEASANTS","PHEASANTS - OPERATIONS WITH INVENTORY","TOTAL","NOT SPECIFIED","64",""
"CENSUS","2007","END OF DEC","","STATE","CALIFORNIA","06","","","","","","","00000000","","PHEASANTS","PHEASANTS - INVENTORY","TOTAL","NOT SPECIFIED","217,584",""
"CENSUS","2007","END OF DEC","","STATE","CALIFORNIA","06","","","","","","","00000000","","PHEASANTS","PHEASANTS - OPERATIONS WITH INVENTORY","TOTAL","NOT SPECIFIED","183",""
"CENSUS","2007","END OF DEC","","STATE","COLORADO","08","","","","","","","00000000","","PHEASANTS","PHEASANTS - INVENTORY","TOTAL","NOT SPECIFIED","24,272",""
"CENSUS","2007","END OF DEC","","STATE","COLORADO","08","","","","","","","00000000","","PHEASANTS","PHEASANTS - OPERATIONS WITH INVENTORY","TOTAL","NOT SPECIFIED","99",""
"CENSUS","2007","END OF DEC","","STATE","CONNECTICUT","09","","","","","","","00000000","","PHEASANTS","PHEASANTS - INVENTORY","TOTAL","NOT SPECIFIED","59,826",""
"CENSUS","2007","END OF DEC","","STATE","CONNECTICUT","09","","","","","","","00000000","","PHEASANTS","PHEASANTS - OPERATIONS WITH INVENTORY","TOTAL","NOT SPECIFIED","50",""
"CENSUS","2007","END OF DEC","","STATE","DELAWARE","10","","","","","","","00000000","","PHEASANTS","PHEASANTS - INVENTORY","TOTAL","NOT SPECIFIED","18",""
"CENSUS","2007","END OF DEC","","STATE","DELAWARE","10","","","","","","","00000000","","PHEASANTS","PHEASANTS - OPERATIONS WITH INVENTORY","TOTAL","NOT SPECIFIED","5",""
"CENSUS","2007","END OF DEC","","STATE","FLORIDA","12","","","","","","","00000000","","PHEASANTS","PHEASANTS - INVENTORY","TOTAL","NOT SPECIFIED","8,472",""
"CENSUS","2007","END OF DEC","","STATE","FLORIDA","12","","","","","","","00000000","","PHEASANTS","PHEASANTS - OPERATIONS WITH INVENTORY","TOTAL","NOT SPECIFIED","102",""
"CENSUS","2007","END OF DEC","","STATE","GEORGIA","13","","","","","","","00000000","","PHEASANTS","PHEASANTS - INVENTORY","TOTAL","NOT SPECIFIED","76,929",""
"CENSUS","2007","END OF DEC","","STATE","GEORGIA","13","","","","","","","00000000","","PHEASANTS","PHEASANTS - OPERATIONS WITH INVENTORY","TOTAL","NOT SPECIFIED","125",""
"CENSUS","2007","END OF DEC","","STATE","HAWAII","15","","","","","","","00000000","","PHEASANTS","PHEASANTS - INVENTORY","TOTAL","NOT SPECIFIED","2,092",""
"CENSUS","2007","END OF DEC","","STATE","HAWAII","15","","","","","","","00000000","","PHEASANTS","PHEASANTS - OPERATIONS WITH INVENTORY","TOTAL","NOT SPECIFIED","21",""
"CENSUS","2007","END OF DEC","","STATE","IDAHO","16","","","","","","","00000000","","PHEASANTS","PHEASANTS - INVENTORY","TOTAL","NOT SPECIFIED","66,221",""
"CENSUS","2007","END OF DEC","","STATE","IDAHO","16","","","","","","","00000000","","PHEASANTS","PHEASANTS - OPERATIONS WITH INVENTORY","TOTAL","NOT SPECIFIED","69",""
"CENSUS","2007","END OF DEC","","STATE","ILLINOIS","17","","","","","","","00000000","","PHEASANTS","PHEASANTS - INVENTORY","TOTAL","NOT SPECIFIED","160,168",""
"CENSUS","2007","END OF DEC","","STATE","ILLINOIS","17","","","","","","","00000000","","PHEASANTS","PHEASANTS - OPERATIONS WITH INVENTORY","TOTAL","NOT SPECIFIED","145",""
"CENSUS","2007","END OF DEC","","STATE","INDIANA","18","","","","","","","00000000","","PHEASANTS","PHEASANTS - INVENTORY","TOTAL","NOT SPECIFIED","13,934",""
"CENSUS","2007","END OF DEC","","STATE","INDIANA","18","","","","","","","00000000","","PHEASANTS","PHEASANTS - OPERATIONS WITH INVENTORY","TOTAL","NOT SPECIFIED","113",""
"CENSUS","2007","END OF DEC","","STATE","IOWA","19","","","","","","","00000000","","PHEASANTS","PHEASANTS - INVENTORY","TOTAL","NOT SPECIFIED","44,001",""
"CENSUS","2007","END OF DEC","","STATE","IOWA","19","","","","","","","00000000","","PHEASANTS","PHEASANTS - OPERATIONS WITH INVENTORY","TOTAL","NOT SPECIFIED","99",""
"CENSUS","2007","END OF DEC","","STATE","KANSAS","20","","","","","","","00000000","","PHEASANTS","PHEASANTS - INVENTORY","TOTAL","NOT SPECIFIED","190,963",""
"CENSUS","2007","END OF DEC","","STATE","KANSAS","20","","","","","","","00000000","","PHEASANTS","PHEASANTS - OPERATIONS WITH INVENTORY","TOTAL","NOT SPECIFIED","131",""
"CENSUS","2007","END OF DEC","","STATE","KENTUCKY","21","","","","","","","00000000","","PHEASANTS","PHEASANTS - INVENTORY","TOTAL","NOT SPECIFIED","26,626",""
"CENSUS","2007","END OF DEC","","STATE","KENTUCKY","21","","","","","","","00000000","","PHEASANTS","PHEASANTS - OPERATIONS WITH INVENTORY","TOTAL","NOT SPECIFIED","118",""
"CENSUS","2007","END OF DEC","","STATE","LOUISIANA","22","","","","","","","00000000","","PHEASANTS","PHEASANTS - INVENTORY","TOTAL","NOT SPECIFIED","1,608",""
"CENSUS","2007","END OF DEC","","STATE","LOUISIANA","22","","","","","","","00000000","","PHEASANTS","PHEASANTS - OPERATIONS WITH INVENTORY","TOTAL","NOT SPECIFIED","29",""
"CENSUS","2007","END OF DEC","","STATE","MAINE","23","","","","","","","00000000","","PHEASANTS","PHEASANTS - INVENTORY","TOTAL","NOT SPECIFIED","6,400",""
"CENSUS","2007","END OF DEC","","STATE","MAINE","23","","","","","","","00000000","","PHEASANTS","PHEASANTS - OPERATIONS WITH INVENTORY","TOTAL","NOT SPECIFIED","27",""
"CENSUS","2007","END OF DEC","","STATE","MARYLAND","24","","","","","","","00000000","","PHEASANTS","PHEASANTS - INVENTORY","TOTAL","NOT SPECIFIED"," (D)",""
"CENSUS","2007","END OF DEC","","STATE","MARYLAND","24","","","","","","","00000000","","PHEASANTS","PHEASANTS - OPERATIONS WITH INVENTORY","TOTAL","NOT SPECIFIED","23",""
"CENSUS","2007","END OF DEC","","STATE","MASSACHUSETTS","25","","","","","","","00000000","","PHEASANTS","PHEASANTS - INVENTORY","TOTAL","NOT SPECIFIED"," (D)",""
"CENSUS","2007","END OF DEC","","STATE","MASSACHUSETTS","25","","","","","","","00000000","","PHEASANTS","PHEASANTS - OPERATIONS WITH INVENTORY","TOTAL","NOT SPECIFIED","67",""
"CENSUS","2007","END OF DEC","","STATE","MICHIGAN","26","","","","","","","00000000","","PHEASANTS","PHEASANTS - INVENTORY","TOTAL","NOT SPECIFIED","338,446",""
"CENSUS","2007","END OF DEC","","STATE","MICHIGAN","26","","","","","","","00000000","","PHEASANTS","PHEASANTS - OPERATIONS WITH INVENTORY","TOTAL","NOT SPECIFIED","313",""
"CENSUS","2007","END OF DEC","","STATE","MINNESOTA","27","","","","","","","00000000","","PHEASANTS","PHEASANTS - INVENTORY","TOTAL","NOT SPECIFIED","311,481",""
"CENSUS","2007","END OF DEC","","STATE","MINNESOTA","27","","","","","","","00000000","","PHEASANTS","PHEASANTS - OPERATIONS WITH INVENTORY","TOTAL","NOT SPECIFIED","272",""
"CENSUS","2007","END OF DEC","","STATE","MISSISSIPPI","28","","","","","","","00000000","","PHEASANTS","PHEASANTS - INVENTORY","TOTAL","NOT SPECIFIED","4,089",""
"CENSUS","2007","END OF DEC","","STATE","MISSISSIPPI","28","","","","","","","00000000","","PHEASANTS","PHEASANTS - OPERATIONS WITH INVENTORY","TOTAL","NOT SPECIFIED","38",""
"CENSUS","2007","END OF DEC","","STATE","MISSOURI","29","","","","","","","00000000","","PHEASANTS","PHEASANTS - INVENTORY","TOTAL","NOT SPECIFIED","32,889",""
"CENSUS","2007","END OF DEC","","STATE","MISSOURI","29","","","","","","","00000000","","PHEASANTS","PHEASANTS - OPERATIONS WITH INVENTORY","TOTAL","NOT SPECIFIED","99",""
"CENSUS","2007","END OF DEC","","STATE","MONTANA","30","","","","","","","00000000","","PHEASANTS","PHEASANTS - INVENTORY","TOTAL","NOT SPECIFIED","15,833",""
"CENSUS","2007","END OF DEC","","STATE","MONTANA","30","","","","","","","00000000","","PHEASANTS","PHEASANTS - OPERATIONS WITH INVENTORY","TOTAL","NOT SPECIFIED","39",""
"CENSUS","2007","END OF DEC","","STATE","NEBRASKA","31","","","","","","","00000000","","PHEASANTS","PHEASANTS - INVENTORY","TOTAL","NOT SPECIFIED","55,550",""
"CENSUS","2007","END OF DEC","","STATE","NEBRASKA","31","","","","","","","00000000","","PHEASANTS","PHEASANTS - OPERATIONS WITH INVENTORY","TOTAL","NOT SPECIFIED","109",""
"CENSUS","2007","END OF DEC","","STATE","NEVADA","32","","","","","","","00000000","","PHEASANTS","PHEASANTS - INVENTORY","TOTAL","NOT SPECIFIED"," (D)",""
"CENSUS","2007","END OF DEC","","STATE","NEVADA","32","","","","","","","00000000","","PHEASANTS","PHEASANTS - OPERATIONS WITH INVENTORY","TOTAL","NOT SPECIFIED","9",""
"CENSUS","2007","END OF DEC","","STATE","NEW HAMPSHIRE","33","","","","","","","00000000","","PHEASANTS","PHEASANTS - INVENTORY","TOTAL","NOT SPECIFIED","255",""
"CENSUS","2007","END OF DEC","","STATE","NEW HAMPSHIRE","33","","","","","","","00000000","","PHEASANTS","PHEASANTS - OPERATIONS WITH INVENTORY","TOTAL","NOT SPECIFIED","16",""
"CENSUS","2007","END OF DEC","","STATE","NEW JERSEY","34","","","","","","","00000000","","PHEASANTS","PHEASANTS - INVENTORY","TOTAL","NOT SPECIFIED","196,852",""
"CENSUS","2007","END OF DEC","","STATE","NEW JERSEY","34","","","","","","","00000000","","PHEASANTS","PHEASANTS - OPERATIONS WITH INVENTORY","TOTAL","NOT SPECIFIED","66",""
"CENSUS","2007","END OF DEC","","STATE","NEW MEXICO","35","","","","","","","00000000","","PHEASANTS","PHEASANTS - INVENTORY","TOTAL","NOT SPECIFIED"," (D)",""
"CENSUS","2007","END OF DEC","","STATE","NEW MEXICO","35","","","","","","","00000000","","PHEASANTS","PHEASANTS - OPERATIONS WITH INVENTORY","TOTAL","NOT SPECIFIED","26",""
"CENSUS","2007","END OF DEC","","STATE","NEW YORK","36","","","","","","","00000000","","PHEASANTS","PHEASANTS - INVENTORY","TOTAL","NOT SPECIFIED","61,555",""
"CENSUS","2007","END OF DEC","","STATE","NEW YORK","36","","","","","","","00000000","","PHEASANTS","PHEASANTS - OPERATIONS WITH INVENTORY","TOTAL","NOT SPECIFIED","216",""
"CENSUS","2007","END OF DEC","","STATE","NORTH CAROLINA","37","","","","","","","00000000","","PHEASANTS","PHEASANTS - INVENTORY","TOTAL","NOT SPECIFIED","51,093",""
"CENSUS","2007","END OF DEC","","STATE","NORTH CAROLINA","37","","","","","","","00000000","","PHEASANTS","PHEASANTS - OPERATIONS WITH INVENTORY","TOTAL","NOT SPECIFIED","111",""
"CENSUS","2007","END OF DEC","","STATE","NORTH DAKOTA","38","","","","","","","00000000","","PHEASANTS","PHEASANTS - INVENTORY","TOTAL","NOT SPECIFIED","9,583",""
"CENSUS","2007","END OF DEC","","STATE","NORTH DAKOTA","38","","","","","","","00000000","","PHEASANTS","PHEASANTS - OPERATIONS WITH INVENTORY","TOTAL","NOT SPECIFIED","29",""
"CENSUS","2007","END OF DEC","","STATE","OHIO","39","","","","","","","00000000","","PHEASANTS","PHEASANTS - INVENTORY","TOTAL","NOT SPECIFIED","101,921",""
"CENSUS","2007","END OF DEC","","STATE","OHIO","39","","","","","","","00000000","","PHEASANTS","PHEASANTS - OPERATIONS WITH INVENTORY","TOTAL","NOT SPECIFIED","207",""
"CENSUS","2007","END OF DEC","","STATE","OKLAHOMA","40","","","","","","","00000000","","PHEASANTS","PHEASANTS - INVENTORY","TOTAL","NOT SPECIFIED","10,178",""
"CENSUS","2007","END OF DEC","","STATE","OKLAHOMA","40","","","","","","","00000000","","PHEASANTS","PHEASANTS - OPERATIONS WITH INVENTORY","TOTAL","NOT SPECIFIED","112",""
"CENSUS","2007","END OF DEC","","STATE","OREGON","41","","","","","","","00000000","","PHEASANTS","PHEASANTS - INVENTORY","TOTAL","NOT SPECIFIED","60,097",""
"CENSUS","2007","END OF DEC","","STATE","OREGON","41","","","","","","","00000000","","PHEASANTS","PHEASANTS - OPERATIONS WITH INVENTORY","TOTAL","NOT SPECIFIED","158",""
"CENSUS","2007","END OF DEC","","STATE","PENNSYLVANIA","42","","","","","","","00000000","","PHEASANTS","PHEASANTS - INVENTORY","TOTAL","NOT SPECIFIED","424,251",""
"CENSUS","2007","END OF DEC","","STATE","PENNSYLVANIA","42","","","","","","","00000000","","PHEASANTS","PHEASANTS - OPERATIONS WITH INVENTORY","TOTAL","NOT SPECIFIED","376",""
"CENSUS","2007","END OF DEC","","STATE","RHODE ISLAND","44","","","","","","","00000000","","PHEASANTS","PHEASANTS - INVENTORY","TOTAL","NOT SPECIFIED"," (D)",""
"CENSUS","2007","END OF DEC","","STATE","RHODE ISLAND","44","","","","","","","00000000","","PHEASANTS","PHEASANTS - OPERATIONS WITH INVENTORY","TOTAL","NOT SPECIFIED","9",""
"CENSUS","2007","END OF DEC","","STATE","SOUTH CAROLINA","45","","","","","","","00000000","","PHEASANTS","PHEASANTS - INVENTORY","TOTAL","NOT SPECIFIED","1,484",""
"CENSUS","2007","END OF DEC","","STATE","SOUTH CAROLINA","45","","","","","","","00000000","","PHEASANTS","PHEASANTS - OPERATIONS WITH INVENTORY","TOTAL","NOT SPECIFIED","76",""
"CENSUS","2007","END OF DEC","","STATE","SOUTH DAKOTA","46","","","","","","","00000000","","PHEASANTS","PHEASANTS - INVENTORY","TOTAL","NOT SPECIFIED","450,713",""
"CENSUS","2007","END OF DEC","","STATE","SOUTH DAKOTA","46","","","","","","","00000000","","PHEASANTS","PHEASANTS - OPERATIONS WITH INVENTORY","TOTAL","NOT SPECIFIED","120",""
"CENSUS","2007","END OF DEC","","STATE","TENNESSEE","47","","","","","","","00000000","","PHEASANTS","PHEASANTS - INVENTORY","TOTAL","NOT SPECIFIED","8,681",""
"CENSUS","2007","END OF DEC","","STATE","TENNESSEE","47","","","","","","","00000000","","PHEASANTS","PHEASANTS - OPERATIONS WITH INVENTORY","TOTAL","NOT SPECIFIED","109",""
"CENSUS","2007","END OF DEC","","STATE","TEXAS","48","","","","","","","00000000","","PHEASANTS","PHEASANTS - INVENTORY","TOTAL","NOT SPECIFIED","52,175",""
"CENSUS","2007","END OF DEC","","STATE","TEXAS","48","","","","","","","00000000","","PHEASANTS","PHEASANTS - OPERATIONS WITH INVENTORY","TOTAL","NOT SPECIFIED","317",""
"CENSUS","2007","END OF DEC","","STATE","UTAH","49","","","","","","","00000000","","PHEASANTS","PHEASANTS - INVENTORY","TOTAL","NOT SPECIFIED","74,337",""
"CENSUS","2007","END OF DEC","","STATE","UTAH","49","","","","","","","00000000","","PHEASANTS","PHEASANTS - OPERATIONS WITH INVENTORY","TOTAL","NOT SPECIFIED","97",""
"CENSUS","2007","END OF DEC","","STATE","VERMONT","50","","","","","","","00000000","","PHEASANTS","PHEASANTS - INVENTORY","TOTAL","NOT SPECIFIED"," (D)",""
"CENSUS","2007","END OF DEC","","STATE","VERMONT","50","","","","","","","00000000","","PHEASANTS","PHEASANTS - OPERATIONS WITH INVENTORY","TOTAL","NOT SPECIFIED","14",""
"CENSUS","2007","END OF DEC","","STATE","VIRGINIA","51","","","","","","","00000000","","PHEASANTS","PHEASANTS - INVENTORY","TOTAL","NOT SPECIFIED","24,114",""
"CENSUS","2007","END OF DEC","","STATE","VIRGINIA","51","","","","","","","00000000","","PHEASANTS","PHEASANTS - OPERATIONS WITH INVENTORY","TOTAL","NOT SPECIFIED","93",""
"CENSUS","2007","END OF DEC","","STATE","WASHINGTON","53","","","","","","","00000000","","PHEASANTS","PHEASANTS - INVENTORY","TOTAL","NOT SPECIFIED","28,031",""
"CENSUS","2007","END OF DEC","","STATE","WASHINGTON","53","","","","","","","00000000","","PHEASANTS","PHEASANTS - OPERATIONS WITH INVENTORY","TOTAL","NOT SPECIFIED","175",""
"CENSUS","2007","END OF DEC","","STATE","WEST VIRGINIA","54","","","","","","","00000000","","PHEASANTS","PHEASANTS - INVENTORY","TOTAL","NOT SPECIFIED","1,113",""
"CENSUS","2007","END OF DEC","","STATE","WEST VIRGINIA","54","","","","","","","00000000","","PHEASANTS","PHEASANTS - OPERATIONS WITH INVENTORY","TOTAL","NOT SPECIFIED","38",""
"CENSUS","2007","END OF DEC","","STATE","WISCONSIN","55","","","","","","","00000000","","PHEASANTS","PHEASANTS - INVENTORY","TOTAL","NOT SPECIFIED","433,795",""
"CENSUS","2007","END OF DEC","","STATE","WISCONSIN","55","","","","","","","00000000","","PHEASANTS","PHEASANTS - OPERATIONS WITH INVENTORY","TOTAL","NOT SPECIFIED","466",""
"CENSUS","2007","END OF DEC","","STATE","WYOMING","56","","","","","","","00000000","","PHEASANTS","PHEASANTS - INVENTORY","TOTAL","NOT SPECIFIED","25,920",""
"CENSUS","2007","END OF DEC","","STATE","WYOMING","56","","","","","","","00000000","","PHEASANTS","PHEASANTS - OPERATIONS WITH INVENTORY","TOTAL","NOT SPECIFIED","18",""
"CENSUS","2002","YEAR","","STATE","ALABAMA","01","","","","","","","00000000","","PHEASANTS","PHEASANTS - OPERATIONS WITH SALES","TOTAL","NOT SPECIFIED","22",""
"CENSUS","2002","YEAR","","STATE","ALABAMA","01","","","","","","","00000000","","PHEASANTS","PHEASANTS - SALES, MEASURED IN HEAD","TOTAL","NOT SPECIFIED","14,759",""
"CENSUS","2002","YEAR","","STATE","ALASKA","02","","","","","","","00000000","","PHEASANTS","PHEASANTS - OPERATIONS WITH SALES","TOTAL","NOT SPECIFIED","5",""
"CENSUS","2002","YEAR","","STATE","ALASKA","02","","","","","","","00000000","","PHEASANTS","PHEASANTS - SALES, MEASURED IN HEAD","TOTAL","NOT SPECIFIED","852",""
"CENSUS","2002","YEAR","","STATE","ARIZONA","04","","","","","","","00000000","","PHEASANTS","PHEASANTS - OPERATIONS WITH SALES","TOTAL","NOT SPECIFIED","12",""
"CENSUS","2002","YEAR","","STATE","ARIZONA","04","","","","","","","00000000","","PHEASANTS","PHEASANTS - SALES, MEASURED IN HEAD","TOTAL","NOT SPECIFIED","2,489",""
"CENSUS","2002","YEAR","","STATE","ARKANSAS","05","","","","","","","00000000","","PHEASANTS","PHEASANTS - OPERATIONS WITH SALES","TOTAL","NOT SPECIFIED","16",""
"CENSUS","2002","YEAR","","STATE","ARKANSAS","05","","","","","","","00000000","","PHEASANTS","PHEASANTS - SALES, MEASURED IN HEAD","TOTAL","NOT SPECIFIED","2,678",""
"CENSUS","2002","YEAR","","STATE","CALIFORNIA","06","","","","","","","00000000","","PHEASANTS","PHEASANTS - OPERATIONS WITH SALES","TOTAL","NOT SPECIFIED","78",""
"CENSUS","2002","YEAR","","STATE","CALIFORNIA","06","","","","","","","00000000","","PHEASANTS","PHEASANTS - SALES, MEASURED IN HEAD","TOTAL","NOT SPECIFIED","284,249",""
"CENSUS","2002","YEAR","","STATE","COLORADO","08","","","","","","","00000000","","PHEASANTS","PHEASANTS - OPERATIONS WITH SALES","TOTAL","NOT SPECIFIED","48",""
"CENSUS","2002","YEAR","","STATE","COLORADO","08","","","","","","","00000000","","PHEASANTS","PHEASANTS - SALES, MEASURED IN HEAD","TOTAL","NOT SPECIFIED","77,807",""
"CENSUS","2002","YEAR","","STATE","CONNECTICUT","09","","","","","","","00000000","","PHEASANTS","PHEASANTS - OPERATIONS WITH SALES","TOTAL","NOT SPECIFIED","16",""
"CENSUS","2002","YEAR","","STATE","CONNECTICUT","09","","","","","","","00000000","","PHEASANTS","PHEASANTS - SALES, MEASURED IN HEAD","TOTAL","NOT SPECIFIED","89,019",""
"CENSUS","2002","YEAR","","STATE","DELAWARE","10","","","","","","","00000000","","PHEASANTS","PHEASANTS - OPERATIONS WITH SALES","TOTAL","NOT SPECIFIED","1",""
"CENSUS","2002","YEAR","","STATE","DELAWARE","10","","","","","","","00000000","","PHEASANTS","PHEASANTS - SALES, MEASURED IN HEAD","TOTAL","NOT SPECIFIED"," (D)",""
"CENSUS","2002","YEAR","","STATE","FLORIDA","12","","","","","","","00000000","","PHEASANTS","PHEASANTS - OPERATIONS WITH SALES","TOTAL","NOT SPECIFIED","42",""
"CENSUS","2002","YEAR","","STATE","FLORIDA","12","","","","","","","00000000","","PHEASANTS","PHEASANTS - SALES, MEASURED IN HEAD","TOTAL","NOT SPECIFIED","7,948",""
"CENSUS","2002","YEAR","","STATE","GEORGIA","13","","","","","","","00000000","","PHEASANTS","PHEASANTS - OPERATIONS WITH SALES","TOTAL","NOT SPECIFIED","23",""
"CENSUS","2002","YEAR","","STATE","GEORGIA","13","","","","","","","00000000","","PHEASANTS","PHEASANTS - SALES, MEASURED IN HEAD","TOTAL","NOT SPECIFIED","19,366",""
"CENSUS","2002","YEAR","","STATE","HAWAII","15","","","","","","","00000000","","PHEASANTS","PHEASANTS - OPERATIONS WITH SALES","TOTAL","NOT SPECIFIED","4",""
"CENSUS","2002","YEAR","","STATE","HAWAII","15","","","","","","","00000000","","PHEASANTS","PHEASANTS - SALES, MEASURED IN HEAD","TOTAL","NOT SPECIFIED"," (D)",""
"CENSUS","2002","YEAR","","STATE","IDAHO","16","","","","","","","00000000","","PHEASANTS","PHEASANTS - OPERATIONS WITH SALES","TOTAL","NOT SPECIFIED","43",""
"CENSUS","2002","YEAR","","STATE","IDAHO","16","","","","","","","00000000","","PHEASANTS","PHEASANTS - SALES, MEASURED IN HEAD","TOTAL","NOT SPECIFIED","148,786",""
"CENSUS","2002","YEAR","","STATE","ILLINOIS","17","","","","","","","00000000","","PHEASANTS","PHEASANTS - OPERATIONS WITH SALES","TOTAL","NOT SPECIFIED","89",""
"CENSUS","2002","YEAR","","STATE","ILLINOIS","17","","","","","","","00000000","","PHEASANTS","PHEASANTS - SALES, MEASURED IN HEAD","TOTAL","NOT SPECIFIED","267,347",""
"CENSUS","2002","YEAR","","STATE","INDIANA","18","","","","","","","00000000","","PHEASANTS","PHEASANTS - OPERATIONS WITH SALES","TOTAL","NOT SPECIFIED","38",""
"CENSUS","2002","YEAR","","STATE","INDIANA","18","","","","","","","00000000","","PHEASANTS","PHEASANTS - SALES, MEASURED IN HEAD","TOTAL","NOT SPECIFIED","25,235",""
"CENSUS","2002","YEAR","","STATE","IOWA","19","","","","","","","00000000","","PHEASANTS","PHEASANTS - OPERATIONS WITH SALES","TOTAL","NOT SPECIFIED","62",""
"CENSUS","2002","YEAR","","STATE","IOWA","19","","","","","","","00000000","","PHEASANTS","PHEASANTS - SALES, MEASURED IN HEAD","TOTAL","NOT SPECIFIED","184,899",""
"CENSUS","2002","YEAR","","STATE","KANSAS","20","","","","","","","00000000","","PHEASANTS","PHEASANTS - OPERATIONS WITH SALES","TOTAL","NOT SPECIFIED","58",""
"CENSUS","2002","YEAR","","STATE","KANSAS","20","","","","","","","00000000","","PHEASANTS","PHEASANTS - SALES, MEASURED IN HEAD","TOTAL","NOT SPECIFIED","469,236",""
"CENSUS","2002","YEAR","","STATE","KENTUCKY","21","","","","","","","00000000","","PHEASANTS","PHEASANTS - OPERATIONS WITH SALES","TOTAL","NOT SPECIFIED","31",""
"CENSUS","2002","YEAR","","STATE","KENTUCKY","21","","","","","","","00000000","","PHEASANTS","PHEASANTS - SALES, MEASURED IN HEAD","TOTAL","NOT SPECIFIED","23,097",""
"CENSUS","2002","YEAR","","STATE","LOUISIANA","22","","","","","","","00000000","","PHEASANTS","PHEASANTS - OPERATIONS WITH SALES","TOTAL","NOT SPECIFIED","15",""
"CENSUS","2002","YEAR","","STATE","LOUISIANA","22","","","","","","","00000000","","PHEASANTS","PHEASANTS - SALES, MEASURED IN HEAD","TOTAL","NOT SPECIFIED","926",""
"CENSUS","2002","YEAR","","STATE","MAINE","23","","","","","","","00000000","","PHEASANTS","PHEASANTS - OPERATIONS WITH SALES","TOTAL","NOT SPECIFIED","18",""
"CENSUS","2002","YEAR","","STATE","MAINE","23","","","","","","","00000000","","PHEASANTS","PHEASANTS - SALES, MEASURED IN HEAD","TOTAL","NOT SPECIFIED"," (D)",""
"CENSUS","2002","YEAR","","STATE","MARYLAND","24","","","","","","","00000000","","PHEASANTS","PHEASANTS - OPERATIONS WITH SALES","TOTAL","NOT SPECIFIED","16",""
"CENSUS","2002","YEAR","","STATE","MARYLAND","24","","","","","","","00000000","","PHEASANTS","PHEASANTS - SALES, MEASURED IN HEAD","TOTAL","NOT SPECIFIED","44,089",""
"CENSUS","2002","YEAR","","STATE","MASSACHUSETTS","25","","","","","","","00000000","","PHEASANTS","PHEASANTS - OPERATIONS WITH SALES","TOTAL","NOT SPECIFIED","16",""
"CENSUS","2002","YEAR","","STATE","MASSACHUSETTS","25","","","","","","","00000000","","PHEASANTS","PHEASANTS - SALES, MEASURED IN HEAD","TOTAL","NOT SPECIFIED","18,180",""
"CENSUS","2002","YEAR","","STATE","MICHIGAN","26","","","","","","","00000000","","PHEASANTS","PHEASANTS - OPERATIONS WITH SALES","TOTAL","NOT SPECIFIED","154",""
"CENSUS","2002","YEAR","","STATE","MICHIGAN","26","","","","","","","00000000","","PHEASANTS","PHEASANTS - SALES, MEASURED IN HEAD","TOTAL","NOT SPECIFIED","371,216",""
"CENSUS","2002","YEAR","","STATE","MINNESOTA","27","","","","","","","00000000","","PHEASANTS","PHEASANTS - OPERATIONS WITH SALES","TOTAL","NOT SPECIFIED","190",""
"CENSUS","2002","YEAR","","STATE","MINNESOTA","27","","","","","","","00000000","","PHEASANTS","PHEASANTS - SALES, MEASURED IN HEAD","TOTAL","NOT SPECIFIED","685,987",""
"CENSUS","2002","YEAR","","STATE","MISSISSIPPI","28","","","","","","","00000000","","PHEASANTS","PHEASANTS - OPERATIONS WITH SALES","TOTAL","NOT SPECIFIED","13",""
"CENSUS","2002","YEAR","","STATE","MISSISSIPPI","28","","","","","","","00000000","","PHEASANTS","PHEASANTS - SALES, MEASURED IN HEAD","TOTAL","NOT SPECIFIED","1,943",""
"CENSUS","2002","YEAR","","STATE","MISSOURI","29","","","","","","","00000000","","PHEASANTS","PHEASANTS - OPERATIONS WITH SALES","TOTAL","NOT SPECIFIED","56",""
"CENSUS","2002","YEAR","","STATE","MISSOURI","29","","","","","","","00000000","","PHEASANTS","PHEASANTS - SALES, MEASURED IN HEAD","TOTAL","NOT SPECIFIED","54,881",""
"CENSUS","2002","YEAR","","STATE","MONTANA","30","","","","","","","00000000","","PHEASANTS","PHEASANTS - OPERATIONS WITH SALES","TOTAL","NOT SPECIFIED","36",""
"CENSUS","2002","YEAR","","STATE","MONTANA","30","","","","","","","00000000","","PHEASANTS","PHEASANTS - SALES, MEASURED IN HEAD","TOTAL","NOT SPECIFIED","113,069",""
"CENSUS","2002","YEAR","","STATE","NEBRASKA","31","","","","","","","00000000","","PHEASANTS","PHEASANTS - OPERATIONS WITH SALES","TOTAL","NOT SPECIFIED","40",""
"CENSUS","2002","YEAR","","STATE","NEBRASKA","31","","","","","","","00000000","","PHEASANTS","PHEASANTS - SALES, MEASURED IN HEAD","TOTAL","NOT SPECIFIED","57,001",""
"CENSUS","2002","YEAR","","STATE","NEVADA","32","","","","","","","00000000","","PHEASANTS","PHEASANTS - OPERATIONS WITH SALES","TOTAL","NOT SPECIFIED","8",""
"CENSUS","2002","YEAR","","STATE","NEVADA","32","","","","","","","00000000","","PHEASANTS","PHEASANTS - SALES, MEASURED IN HEAD","TOTAL","NOT SPECIFIED","4,271",""
"CENSUS","2002","YEAR","","STATE","NEW HAMPSHIRE","33","","","","","","","00000000","","PHEASANTS","PHEASANTS - OPERATIONS WITH SALES","TOTAL","NOT SPECIFIED","6",""
"CENSUS","2002","YEAR","","STATE","NEW HAMPSHIRE","33","","","","","","","00000000","","PHEASANTS","PHEASANTS - SALES, MEASURED IN HEAD","TOTAL","NOT SPECIFIED"," (D)",""
"CENSUS","2002","YEAR","","STATE","NEW JERSEY","34","","","","","","","00000000","","PHEASANTS","PHEASANTS - OPERATIONS WITH SALES","TOTAL","NOT SPECIFIED","60",""
"CENSUS","2002","YEAR","","STATE","NEW JERSEY","34","","","","","","","00000000","","PHEASANTS","PHEASANTS - SALES, MEASURED IN HEAD","TOTAL","NOT SPECIFIED","164,716",""
"CENSUS","2002","YEAR","","STATE","NEW MEXICO","35","","","","","","","00000000","","PHEASANTS","PHEASANTS - OPERATIONS WITH SALES","TOTAL","NOT SPECIFIED","6",""
"CENSUS","2002","YEAR","","STATE","NEW MEXICO","35","","","","","","","00000000","","PHEASANTS","PHEASANTS - SALES, MEASURED IN HEAD","TOTAL","NOT SPECIFIED","6,163",""
"CENSUS","2002","YEAR","","STATE","NEW YORK","36","","","","","","","00000000","","PHEASANTS","PHEASANTS - OPERATIONS WITH SALES","TOTAL","NOT SPECIFIED","101",""
"CENSUS","2002","YEAR","","STATE","NEW YORK","36","","","","","","","00000000","","PHEASANTS","PHEASANTS - SALES, MEASURED IN HEAD","TOTAL","NOT SPECIFIED","566,276",""
"CENSUS","2002","YEAR","","STATE","NORTH CAROLINA","37","","","","","","","00000000","","PHEASANTS","PHEASANTS - OPERATIONS WITH SALES","TOTAL","NOT SPECIFIED","28",""
"CENSUS","2002","YEAR","","STATE","NORTH CAROLINA","37","","","","","","","00000000","","PHEASANTS","PHEASANTS - SALES, MEASURED IN HEAD","TOTAL","NOT SPECIFIED","42,746",""
"CENSUS","2002","YEAR","","STATE","NORTH DAKOTA","38","","","","","","","00000000","","PHEASANTS","PHEASANTS - OPERATIONS WITH SALES","TOTAL","NOT SPECIFIED","19",""
"CENSUS","2002","YEAR","","STATE","NORTH DAKOTA","38","","","","","","","00000000","","PHEASANTS","PHEASANTS - SALES, MEASURED IN HEAD","TOTAL","NOT SPECIFIED"," (D)",""
"CENSUS","2002","YEAR","","STATE","OHIO","39","","","","","","","00000000","","PHEASANTS","PHEASANTS - OPERATIONS WITH SALES","TOTAL","NOT SPECIFIED","135",""
"CENSUS","2002","YEAR","","STATE","OHIO","39","","","","","","","00000000","","PHEASANTS","PHEASANTS - SALES, MEASURED IN HEAD","TOTAL","NOT SPECIFIED","254,246",""
"CENSUS","2002","YEAR","","STATE","OKLAHOMA","40","","","","","","","00000000","","PHEASANTS","PHEASANTS - OPERATIONS WITH SALES","TOTAL","NOT SPECIFIED","28",""
"CENSUS","2002","YEAR","","STATE","OKLAHOMA","40","","","","","","","00000000","","PHEASANTS","PHEASANTS - SALES, MEASURED IN HEAD","TOTAL","NOT SPECIFIED","15,218",""
"CENSUS","2002","YEAR","","STATE","OREGON","41","","","","","","","00000000","","PHEASANTS","PHEASANTS - OPERATIONS WITH SALES","TOTAL","NOT SPECIFIED","115",""
"CENSUS","2002","YEAR","","STATE","OREGON","41","","","","","","","00000000","","PHEASANTS","PHEASANTS - SALES, MEASURED IN HEAD","TOTAL","NOT SPECIFIED","193,632",""
"CENSUS","2002","YEAR","","STATE","PENNSYLVANIA","42","","","","","","","00000000","","PHEASANTS","PHEASANTS - OPERATIONS WITH SALES","TOTAL","NOT SPECIFIED","195",""
"CENSUS","2002","YEAR","","STATE","PENNSYLVANIA","42","","","","","","","00000000","","PHEASANTS","PHEASANTS - SALES, MEASURED IN HEAD","TOTAL","NOT SPECIFIED","559,441",""
"CENSUS","2002","YEAR","","STATE","RHODE ISLAND","44","","","","","","","00000000","","PHEASANTS","PHEASANTS - OPERATIONS WITH SALES","TOTAL","NOT SPECIFIED","4",""
"CENSUS","2002","YEAR","","STATE","RHODE ISLAND","44","","","","","","","00000000","","PHEASANTS","PHEASANTS - SALES, MEASURED IN HEAD","TOTAL","NOT SPECIFIED"," (D)",""
"CENSUS","2002","YEAR","","STATE","SOUTH CAROLINA","45","","","","","","","00000000","","PHEASANTS","PHEASANTS - OPERATIONS WITH SALES","TOTAL","NOT SPECIFIED","13",""
"CENSUS","2002","YEAR","","STATE","SOUTH CAROLINA","45","","","","","","","00000000","","PHEASANTS","PHEASANTS - SALES, MEASURED IN HEAD","TOTAL","NOT SPECIFIED","2,853",""
"CENSUS","2002","YEAR","","STATE","SOUTH DAKOTA","46","","","","","","","00000000","","PHEASANTS","PHEASANTS - OPERATIONS WITH SALES","TOTAL","NOT SPECIFIED","92",""
"CENSUS","2002","YEAR","","STATE","SOUTH DAKOTA","46","","","","","","","00000000","","PHEASANTS","PHEASANTS - SALES, MEASURED IN HEAD","TOTAL","NOT SPECIFIED","414,876",""
"CENSUS","2002","YEAR","","STATE","TENNESSEE","47","","","","","","","00000000","","PHEASANTS","PHEASANTS - OPERATIONS WITH SALES","TOTAL","NOT SPECIFIED","43",""
"CENSUS","2002","YEAR","","STATE","TENNESSEE","47","","","","","","","00000000","","PHEASANTS","PHEASANTS - SALES, MEASURED IN HEAD","TOTAL","NOT SPECIFIED","2,675",""
"CENSUS","2002","YEAR","","STATE","TEXAS","48","","","","","","","00000000","","PHEASANTS","PHEASANTS - OPERATIONS WITH SALES","TOTAL","NOT SPECIFIED","116",""
"CENSUS","2002","YEAR","","STATE","TEXAS","48","","","","","","","00000000","","PHEASANTS","PHEASANTS - SALES, MEASURED IN HEAD","TOTAL","NOT SPECIFIED","37,742",""
"CENSUS","2002","YEAR","","STATE","UTAH","49","","","","","","","00000000","","PHEASANTS","PHEASANTS - OPERATIONS WITH SALES","TOTAL","NOT SPECIFIED","95",""
"CENSUS","2002","YEAR","","STATE","UTAH","49","","","","","","","00000000","","PHEASANTS","PHEASANTS - SALES, MEASURED IN HEAD","TOTAL","NOT SPECIFIED","431,049",""
"CENSUS","2002","YEAR","","STATE","VERMONT","50","","","","","","","00000000","","PHEASANTS","PHEASANTS - OPERATIONS WITH SALES","TOTAL","NOT SPECIFIED","8",""
"CENSUS","2002","YEAR","","STATE","VERMONT","50","","","","","","","00000000","","PHEASANTS","PHEASANTS - SALES, MEASURED IN HEAD","TOTAL","NOT SPECIFIED","16,659",""
"CENSUS","2002","YEAR","","STATE","VIRGINIA","51","","","","","","","00000000","","PHEASANTS","PHEASANTS - OPERATIONS WITH SALES","TOTAL","NOT SPECIFIED","25",""
"CENSUS","2002","YEAR","","STATE","VIRGINIA","51","","","","","","","00000000","","PHEASANTS","PHEASANTS - SALES, MEASURED IN HEAD","TOTAL","NOT SPECIFIED","13,436",""
"CENSUS","2002","YEAR","","STATE","WASHINGTON","53","","","","","","","00000000","","PHEASANTS","PHEASANTS - OPERATIONS WITH SALES","TOTAL","NOT SPECIFIED","62",""
"CENSUS","2002","YEAR","","STATE","WASHINGTON","53","","","","","","","00000000","","PHEASANTS","PHEASANTS - SALES, MEASURED IN HEAD","TOTAL","NOT SPECIFIED","49,316",""
"CENSUS","2002","YEAR","","STATE","WEST VIRGINIA","54","","","","","","","00000000","","PHEASANTS","PHEASANTS - OPERATIONS WITH SALES","TOTAL","NOT SPECIFIED","5",""
"CENSUS","2002","YEAR","","STATE","WEST VIRGINIA","54","","","","","","","00000000","","PHEASANTS","PHEASANTS - SALES, MEASURED IN HEAD","TOTAL","NOT SPECIFIED"," (D)",""
"CENSUS","2002","YEAR","","STATE","WISCONSIN","55","","","","","","","00000000","","PHEASANTS","PHEASANTS - OPERATIONS WITH SALES","TOTAL","NOT SPECIFIED","192",""
"CENSUS","2002","YEAR","","STATE","WISCONSIN","55","","","","","","","00000000","","PHEASANTS","PHEASANTS - SALES, MEASURED IN HEAD","TOTAL","NOT SPECIFIED","1,355,480",""
"CENSUS","2002","YEAR","","STATE","WYOMING","56","","","","","","","00000000","","PHEASANTS","PHEASANTS - OPERATIONS WITH SALES","TOTAL","NOT SPECIFIED","21",""
"CENSUS","2002","YEAR","","STATE","WYOMING","56","","","","","","","00000000","","PHEASANTS","PHEASANTS - SALES, MEASURED IN HEAD","TOTAL","NOT SPECIFIED","9,770",""
"CENSUS","2002","END OF DEC","","STATE","ALABAMA","01","","","","","","","00000000","","PHEASANTS","PHEASANTS - INVENTORY","TOTAL","NOT SPECIFIED","13,165",""
"CENSUS","2002","END OF DEC","","STATE","ALABAMA","01","","","","","","","00000000","","PHEASANTS","PHEASANTS - OPERATIONS WITH INVENTORY","TOTAL","NOT SPECIFIED","73",""
"CENSUS","2002","END OF DEC","","STATE","ALASKA","02","","","","","","","00000000","","PHEASANTS","PHEASANTS - INVENTORY","TOTAL","NOT SPECIFIED","757",""
"CENSUS","2002","END OF DEC","","STATE","ALASKA","02","","","","","","","00000000","","PHEASANTS","PHEASANTS - OPERATIONS WITH INVENTORY","TOTAL","NOT SPECIFIED","6",""
"CENSUS","2002","END OF DEC","","STATE","ARIZONA","04","","","","","","","00000000","","PHEASANTS","PHEASANTS - INVENTORY","TOTAL","NOT SPECIFIED","1,128",""
"CENSUS","2002","END OF DEC","","STATE","ARIZONA","04","","","","","","","00000000","","PHEASANTS","PHEASANTS - OPERATIONS WITH INVENTORY","TOTAL","NOT SPECIFIED","24",""
"CENSUS","2002","END OF DEC","","STATE","ARKANSAS","05","","","","","","","00000000","","PHEASANTS","PHEASANTS - INVENTORY","TOTAL","NOT SPECIFIED","1,568",""
"CENSUS","2002","END OF DEC","","STATE","ARKANSAS","05","","","","","","","00000000","","PHEASANTS","PHEASANTS - OPERATIONS WITH INVENTORY","TOTAL","NOT SPECIFIED","47",""
"CENSUS","2002","END OF DEC","","STATE","CALIFORNIA","06","","","","","","","00000000","","PHEASANTS","PHEASANTS - INVENTORY","TOTAL","NOT SPECIFIED","170,338",""
"CENSUS","2002","END OF DEC","","STATE","CALIFORNIA","06","","","","","","","00000000","","PHEASANTS","PHEASANTS - OPERATIONS WITH INVENTORY","TOTAL","NOT SPECIFIED","165",""
"CENSUS","2002","END OF DEC","","STATE","COLORADO","08","","","","","","","00000000","","PHEASANTS","PHEASANTS - INVENTORY","TOTAL","NOT SPECIFIED","44,420",""
"CENSUS","2002","END OF DEC","","STATE","COLORADO","08","","","","","","","00000000","","PHEASANTS","PHEASANTS - OPERATIONS WITH INVENTORY","TOTAL","NOT SPECIFIED","96",""
"CENSUS","2002","END OF DEC","","STATE","CONNECTICUT","09","","","","","","","00000000","","PHEASANTS","PHEASANTS - INVENTORY","TOTAL","NOT SPECIFIED","17,182",""
"CENSUS","2002","END OF DEC","","STATE","CONNECTICUT","09","","","","","","","00000000","","PHEASANTS","PHEASANTS - OPERATIONS WITH INVENTORY","TOTAL","NOT SPECIFIED","55",""
"CENSUS","2002","END OF DEC","","STATE","DELAWARE","10","","","","","","","00000000","","PHEASANTS","PHEASANTS - INVENTORY","TOTAL","NOT SPECIFIED"," (D)",""
"CENSUS","2002","END OF DEC","","STATE","DELAWARE","10","","","","","","","00000000","","PHEASANTS","PHEASANTS - OPERATIONS WITH INVENTORY","TOTAL","NOT SPECIFIED","2",""
"CENSUS","2002","END OF DEC","","STATE","FLORIDA","12","","","","","","","00000000","","PHEASANTS","PHEASANTS - INVENTORY","TOTAL","NOT SPECIFIED","7,704",""
"CENSUS","2002","END OF DEC","","STATE","FLORIDA","12","","","","","","","00000000","","PHEASANTS","PHEASANTS - OPERATIONS WITH INVENTORY","TOTAL","NOT SPECIFIED","110",""
"CENSUS","2002","END OF DEC","","STATE","GEORGIA","13","","","","","","","00000000","","PHEASANTS","PHEASANTS - INVENTORY","TOTAL","NOT SPECIFIED","13,424",""
"CENSUS","2002","END OF DEC","","STATE","GEORGIA","13","","","","","","","00000000","","PHEASANTS","PHEASANTS - OPERATIONS WITH INVENTORY","TOTAL","NOT SPECIFIED","53",""
"CENSUS","2002","END OF DEC","","STATE","HAWAII","15","","","","","","","00000000","","PHEASANTS","PHEASANTS - INVENTORY","TOTAL","NOT SPECIFIED"," (D)",""
"CENSUS","2002","END OF DEC","","STATE","HAWAII","15","","","","","","","00000000","","PHEASANTS","PHEASANTS - OPERATIONS WITH INVENTORY","TOTAL","NOT SPECIFIED","6",""
"CENSUS","2002","END OF DEC","","STATE","IDAHO","16","","","","","","","00000000","","PHEASANTS","PHEASANTS - INVENTORY","TOTAL","NOT SPECIFIED","42,478",""
"CENSUS","2002","END OF DEC","","STATE","IDAHO","16","","","","","","","00000000","","PHEASANTS","PHEASANTS - OPERATIONS WITH INVENTORY","TOTAL","NOT SPECIFIED","102",""
"CENSUS","2002","END OF DEC","","STATE","ILLINOIS","17","","","","","","","00000000","","PHEASANTS","PHEASANTS - INVENTORY","TOTAL","NOT SPECIFIED","88,673",""
"CENSUS","2002","END OF DEC","","STATE","ILLINOIS","17","","","","","","","00000000","","PHEASANTS","PHEASANTS - OPERATIONS WITH INVENTORY","TOTAL","NOT SPECIFIED","127",""
"CENSUS","2002","END OF DEC","","STATE","INDIANA","18","","","","","","","00000000","","PHEASANTS","PHEASANTS - INVENTORY","TOTAL","NOT SPECIFIED","8,337",""
"CENSUS","2002","END OF DEC","","STATE","INDIANA","18","","","","","","","00000000","","PHEASANTS","PHEASANTS - OPERATIONS WITH INVENTORY","TOTAL","NOT SPECIFIED","83",""
"CENSUS","2002","END OF DEC","","STATE","IOWA","19","","","","","","","00000000","","PHEASANTS","PHEASANTS - INVENTORY","TOTAL","NOT SPECIFIED","29,803",""
"CENSUS","2002","END OF DEC","","STATE","IOWA","19","","","","","","","00000000","","PHEASANTS","PHEASANTS - OPERATIONS WITH INVENTORY","TOTAL","NOT SPECIFIED","89",""
"CENSUS","2002","END OF DEC","","STATE","KANSAS","20","","","","","","","00000000","","PHEASANTS","PHEASANTS - INVENTORY","TOTAL","NOT SPECIFIED","99,322",""
"CENSUS","2002","END OF DEC","","STATE","KANSAS","20","","","","","","","00000000","","PHEASANTS","PHEASANTS - OPERATIONS WITH INVENTORY","TOTAL","NOT SPECIFIED","104",""
"CENSUS","2002","END OF DEC","","STATE","KENTUCKY","21","","","","","","","00000000","","PHEASANTS","PHEASANTS - INVENTORY","TOTAL","NOT SPECIFIED","12,889",""
"CENSUS","2002","END OF DEC","","STATE","KENTUCKY","21","","","","","","","00000000","","PHEASANTS","PHEASANTS - OPERATIONS WITH INVENTORY","TOTAL","NOT SPECIFIED","65",""
"CENSUS","2002","END OF DEC","","STATE","LOUISIANA","22","","","","","","","00000000","","PHEASANTS","PHEASANTS - INVENTORY","TOTAL","NOT SPECIFIED","1,782",""
"CENSUS","2002","END OF DEC","","STATE","LOUISIANA","22","","","","","","","00000000","","PHEASANTS","PHEASANTS - OPERATIONS WITH INVENTORY","TOTAL","NOT SPECIFIED","29",""
"CENSUS","2002","END OF DEC","","STATE","MAINE","23","","","","","","","00000000","","PHEASANTS","PHEASANTS - INVENTORY","TOTAL","NOT SPECIFIED"," (D)",""
"CENSUS","2002","END OF DEC","","STATE","MAINE","23","","","","","","","00000000","","PHEASANTS","PHEASANTS - OPERATIONS WITH INVENTORY","TOTAL","NOT SPECIFIED","29",""
"CENSUS","2002","END OF DEC","","STATE","MARYLAND","24","","","","","","","00000000","","PHEASANTS","PHEASANTS - INVENTORY","TOTAL","NOT SPECIFIED","18,470",""
"CENSUS","2002","END OF DEC","","STATE","MARYLAND","24","","","","","","","00000000","","PHEASANTS","PHEASANTS - OPERATIONS WITH INVENTORY","TOTAL","NOT SPECIFIED","37",""
"CENSUS","2002","END OF DEC","","STATE","MASSACHUSETTS","25","","","","","","","00000000","","PHEASANTS","PHEASANTS - INVENTORY","TOTAL","NOT SPECIFIED","17,301",""
"CENSUS","2002","END OF DEC","","STATE","MASSACHUSETTS","25","","","","","","","00000000","","PHEASANTS","PHEASANTS - OPERATIONS WITH INVENTORY","TOTAL","NOT SPECIFIED","49",""
"CENSUS","2002","END OF DEC","","STATE","MICHIGAN","26","","","","","","","00000000","","PHEASANTS","PHEASANTS - INVENTORY","TOTAL","NOT SPECIFIED","98,354",""
"CENSUS","2002","END OF DEC","","STATE","MICHIGAN","26","","","","","","","00000000","","PHEASANTS","PHEASANTS - OPERATIONS WITH INVENTORY","TOTAL","NOT SPECIFIED","277",""
"CENSUS","2002","END OF DEC","","STATE","MINNESOTA","27","","","","","","","00000000","","PHEASANTS","PHEASANTS - INVENTORY","TOTAL","NOT SPECIFIED","111,369",""
"CENSUS","2002","END OF DEC","","STATE","MINNESOTA","27","","","","","","","00000000","","PHEASANTS","PHEASANTS - OPERATIONS WITH INVENTORY","TOTAL","NOT SPECIFIED","295",""
"CENSUS","2002","END OF DEC","","STATE","MISSISSIPPI","28","","","","","","","00000000","","PHEASANTS","PHEASANTS - INVENTORY","TOTAL","NOT SPECIFIED","2,120",""
"CENSUS","2002","END OF DEC","","STATE","MISSISSIPPI","28","","","","","","","00000000","","PHEASANTS","PHEASANTS - OPERATIONS WITH INVENTORY","TOTAL","NOT SPECIFIED","35",""
"CENSUS","2002","END OF DEC","","STATE","MISSOURI","29","","","","","","","00000000","","PHEASANTS","PHEASANTS - INVENTORY","TOTAL","NOT SPECIFIED","33,749",""
"CENSUS","2002","END OF DEC","","STATE","MISSOURI","29","","","","","","","00000000","","PHEASANTS","PHEASANTS - OPERATIONS WITH INVENTORY","TOTAL","NOT SPECIFIED","111",""
"CENSUS","2002","END OF DEC","","STATE","MONTANA","30","","","","","","","00000000","","PHEASANTS","PHEASANTS - INVENTORY","TOTAL","NOT SPECIFIED","22,557",""
"CENSUS","2002","END OF DEC","","STATE","MONTANA","30","","","","","","","00000000","","PHEASANTS","PHEASANTS - OPERATIONS WITH INVENTORY","TOTAL","NOT SPECIFIED","61",""
"CENSUS","2002","END OF DEC","","STATE","NEBRASKA","31","","","","","","","00000000","","PHEASANTS","PHEASANTS - INVENTORY","TOTAL","NOT SPECIFIED","49,017",""
"CENSUS","2002","END OF DEC","","STATE","NEBRASKA","31","","","","","","","00000000","","PHEASANTS","PHEASANTS - OPERATIONS WITH INVENTORY","TOTAL","NOT SPECIFIED","80",""
"CENSUS","2002","END OF DEC","","STATE","NEVADA","32","","","","","","","00000000","","PHEASANTS","PHEASANTS - INVENTORY","TOTAL","NOT SPECIFIED","2,915",""
"CENSUS","2002","END OF DEC","","STATE","NEVADA","32","","","","","","","00000000","","PHEASANTS","PHEASANTS - OPERATIONS WITH INVENTORY","TOTAL","NOT SPECIFIED","13",""
"CENSUS","2002","END OF DEC","","STATE","NEW HAMPSHIRE","33","","","","","","","00000000","","PHEASANTS","PHEASANTS - INVENTORY","TOTAL","NOT SPECIFIED","153",""
"CENSUS","2002","END OF DEC","","STATE","NEW HAMPSHIRE","33","","","","","","","00000000","","PHEASANTS","PHEASANTS - OPERATIONS WITH INVENTORY","TOTAL","NOT SPECIFIED","17",""
"CENSUS","2002","END OF DEC","","STATE","NEW JERSEY","34","","","","","","","00000000","","PHEASANTS","PHEASANTS - INVENTORY","TOTAL","NOT SPECIFIED","155,168",""
"CENSUS","2002","END OF DEC","","STATE","NEW JERSEY","34","","","","","","","00000000","","PHEASANTS","PHEASANTS - OPERATIONS WITH INVENTORY","TOTAL","NOT SPECIFIED","93",""
"CENSUS","2002","END OF DEC","","STATE","NEW MEXICO","35","","","","","","","00000000","","PHEASANTS","PHEASANTS - INVENTORY","TOTAL","NOT SPECIFIED","2,785",""
"CENSUS","2002","END OF DEC","","STATE","NEW MEXICO","35","","","","","","","00000000","","PHEASANTS","PHEASANTS - OPERATIONS WITH INVENTORY","TOTAL","NOT SPECIFIED","29",""
"CENSUS","2002","END OF DEC","","STATE","NEW YORK","36","","","","","","","00000000","","PHEASANTS","PHEASANTS - INVENTORY","TOTAL","NOT SPECIFIED","75,938",""
"CENSUS","2002","END OF DEC","","STATE","NEW YORK","36","","","","","","","00000000","","PHEASANTS","PHEASANTS - OPERATIONS WITH INVENTORY","TOTAL","NOT SPECIFIED","184",""
"CENSUS","2002","END OF DEC","","STATE","NORTH CAROLINA","37","","","","","","","00000000","","PHEASANTS","PHEASANTS - INVENTORY","TOTAL","NOT SPECIFIED","26,312",""
"CENSUS","2002","END OF DEC","","STATE","NORTH CAROLINA","37","","","","","","","00000000","","PHEASANTS","PHEASANTS - OPERATIONS WITH INVENTORY","TOTAL","NOT SPECIFIED","115",""
"CENSUS","2002","END OF DEC","","STATE","NORTH DAKOTA","38","","","","","","","00000000","","PHEASANTS","PHEASANTS - INVENTORY","TOTAL","NOT SPECIFIED","8,420",""
"CENSUS","2002","END OF DEC","","STATE","NORTH DAKOTA","38","","","","","","","00000000","","PHEASANTS","PHEASANTS - OPERATIONS WITH INVENTORY","TOTAL","NOT SPECIFIED","36",""
"CENSUS","2002","END OF DEC","","STATE","OHIO","39","","","","","","","00000000","","PHEASANTS","PHEASANTS - INVENTORY","TOTAL","NOT SPECIFIED","121,289",""
"CENSUS","2002","END OF DEC","","STATE","OHIO","39","","","","","","","00000000","","PHEASANTS","PHEASANTS - OPERATIONS WITH INVENTORY","TOTAL","NOT SPECIFIED","229",""
"CENSUS","2002","END OF DEC","","STATE","OKLAHOMA","40","","","","","","","00000000","","PHEASANTS","PHEASANTS - INVENTORY","TOTAL","NOT SPECIFIED","4,654",""
"CENSUS","2002","END OF DEC","","STATE","OKLAHOMA","40","","","","","","","00000000","","PHEASANTS","PHEASANTS - OPERATIONS WITH INVENTORY","TOTAL","NOT SPECIFIED","112",""
"CENSUS","2002","END OF DEC","","STATE","OREGON","41","","","","","","","00000000","","PHEASANTS","PHEASANTS - INVENTORY","TOTAL","NOT SPECIFIED","35,921",""
"CENSUS","2002","END OF DEC","","STATE","OREGON","41","","","","","","","00000000","","PHEASANTS","PHEASANTS - OPERATIONS WITH INVENTORY","TOTAL","NOT SPECIFIED","219",""
"CENSUS","2002","END OF DEC","","STATE","PENNSYLVANIA","42","","","","","","","00000000","","PHEASANTS","PHEASANTS - INVENTORY","TOTAL","NOT SPECIFIED","304,593",""
"CENSUS","2002","END OF DEC","","STATE","PENNSYLVANIA","42","","","","","","","00000000","","PHEASANTS","PHEASANTS - OPERATIONS WITH INVENTORY","TOTAL","NOT SPECIFIED","356",""
"CENSUS","2002","END OF DEC","","STATE","RHODE ISLAND","44","","","","","","","00000000","","PHEASANTS","PHEASANTS - INVENTORY","TOTAL","NOT SPECIFIED"," (D)",""
"CENSUS","2002","END OF DEC","","STATE","RHODE ISLAND","44","","","","","","","00000000","","PHEASANTS","PHEASANTS - OPERATIONS WITH INVENTORY","TOTAL","NOT SPECIFIED","7",""
"CENSUS","2002","END OF DEC","","STATE","SOUTH CAROLINA","45","","","","","","","00000000","","PHEASANTS","PHEASANTS - INVENTORY","TOTAL","NOT SPECIFIED","2,943",""
"CENSUS","2002","END OF DEC","","STATE","SOUTH CAROLINA","45","","","","","","","00000000","","PHEASANTS","PHEASANTS - OPERATIONS WITH INVENTORY","TOTAL","NOT SPECIFIED","52",""
"CENSUS","2002","END OF DEC","","STATE","SOUTH DAKOTA","46","","","","","","","00000000","","PHEASANTS","PHEASANTS - INVENTORY","TOTAL","NOT SPECIFIED","73,204",""
"CENSUS","2002","END OF DEC","","STATE","SOUTH DAKOTA","46","","","","","","","00000000","","PHEASANTS","PHEASANTS - OPERATIONS WITH INVENTORY","TOTAL","NOT SPECIFIED","81",""
"CENSUS","2002","END OF DEC","","STATE","TENNESSEE","47","","","","","","","00000000","","PHEASANTS","PHEASANTS - INVENTORY","TOTAL","NOT SPECIFIED","4,534",""
"CENSUS","2002","END OF DEC","","STATE","TENNESSEE","47","","","","","","","00000000","","PHEASANTS","PHEASANTS - OPERATIONS WITH INVENTORY","TOTAL","NOT SPECIFIED","123",""
"CENSUS","2002","END OF DEC","","STATE","TEXAS","48","","","","","","","00000000","","PHEASANTS","PHEASANTS - INVENTORY","TOTAL","NOT SPECIFIED","26,492",""
"CENSUS","2002","END OF DEC","","STATE","TEXAS","48","","","","","","","00000000","","PHEASANTS","PHEASANTS - OPERATIONS WITH INVENTORY","TOTAL","NOT SPECIFIED","368",""
"CENSUS","2002","END OF DEC","","STATE","UTAH","49","","","","","","","00000000","","PHEASANTS","PHEASANTS - INVENTORY","TOTAL","NOT SPECIFIED","85,832",""
"CENSUS","2002","END OF DEC","","STATE","UTAH","49","","","","","","","00000000","","PHEASANTS","PHEASANTS - OPERATIONS WITH INVENTORY","TOTAL","NOT SPECIFIED","123",""
"CENSUS","2002","END OF DEC","","STATE","VERMONT","50","","","","","","","00000000","","PHEASANTS","PHEASANTS - INVENTORY","TOTAL","NOT SPECIFIED","10,089",""
"CENSUS","2002","END OF DEC","","STATE","VERMONT","50","","","","","","","00000000","","PHEASANTS","PHEASANTS - OPERATIONS WITH INVENTORY","TOTAL","NOT SPECIFIED","11",""
"CENSUS","2002","END OF DEC","","STATE","VIRGINIA","51","","","","","","","00000000","","PHEASANTS","PHEASANTS - INVENTORY","TOTAL","NOT SPECIFIED","10,340",""
"CENSUS","2002","END OF DEC","","STATE","VIRGINIA","51","","","","","","","00000000","","PHEASANTS","PHEASANTS - OPERATIONS WITH INVENTORY","TOTAL","NOT SPECIFIED","96",""
"CENSUS","2002","END OF DEC","","STATE","WASHINGTON","53","","","","","","","00000000","","PHEASANTS","PHEASANTS - INVENTORY","TOTAL","NOT SPECIFIED","27,774",""
"CENSUS","2002","END OF DEC","","STATE","WASHINGTON","53","","","","","","","00000000","","PHEASANTS","PHEASANTS - OPERATIONS WITH INVENTORY","TOTAL","NOT SPECIFIED","149",""
"CENSUS","2002","END OF DEC","","STATE","WEST VIRGINIA","54","","","","","","","00000000","","PHEASANTS","PHEASANTS - INVENTORY","TOTAL","NOT SPECIFIED","887",""
"CENSUS","2002","END OF DEC","","STATE","WEST VIRGINIA","54","","","","","","","00000000","","PHEASANTS","PHEASANTS - OPERATIONS WITH INVENTORY","TOTAL","NOT SPECIFIED","36",""
"CENSUS","2002","END OF DEC","","STATE","WISCONSIN","55","","","","","","","00000000","","PHEASANTS","PHEASANTS - INVENTORY","TOTAL","NOT SPECIFIED","370,737",""
"CENSUS","2002","END OF DEC","","STATE","WISCONSIN","55","","","","","","","00000000","","PHEASANTS","PHEASANTS - OPERATIONS WITH INVENTORY","TOTAL","NOT SPECIFIED","288",""
"CENSUS","2002","END OF DEC","","STATE","WYOMING","56","","","","","","","00000000","","PHEASANTS","PHEASANTS - INVENTORY","TOTAL","NOT SPECIFIED","4,663",""
"CENSUS","2002","END OF DEC","","STATE","WYOMING","56","","","","","","","00000000","","PHEASANTS","PHEASANTS - OPERATIONS WITH INVENTORY","TOTAL","NOT SPECIFIED","30",""
"CENSUS","1997","YEAR","","STATE","ALABAMA","01","","","","","","","00000000","","PHEASANTS","PHEASANTS - OPERATIONS WITH SALES","TOTAL","NOT SPECIFIED","9",""
"CENSUS","1997","YEAR","","STATE","ALABAMA","01","","","","","","","00000000","","PHEASANTS","PHEASANTS - SALES, MEASURED IN HEAD","TOTAL","NOT SPECIFIED","2,564",""
"CENSUS","1997","YEAR","","STATE","ALASKA","02","","","","","","","00000000","","PHEASANTS","PHEASANTS - OPERATIONS WITH SALES","TOTAL","NOT SPECIFIED","3",""
"CENSUS","1997","YEAR","","STATE","ALASKA","02","","","","","","","00000000","","PHEASANTS","PHEASANTS - SALES, MEASURED IN HEAD","TOTAL","NOT SPECIFIED","190",""
"CENSUS","1997","YEAR","","STATE","ARIZONA","04","","","","","","","00000000","","PHEASANTS","PHEASANTS - OPERATIONS WITH SALES","TOTAL","NOT SPECIFIED","5",""
"CENSUS","1997","YEAR","","STATE","ARIZONA","04","","","","","","","00000000","","PHEASANTS","PHEASANTS - SALES, MEASURED IN HEAD","TOTAL","NOT SPECIFIED"," (D)",""
"CENSUS","1997","YEAR","","STATE","ARKANSAS","05","","","","","","","00000000","","PHEASANTS","PHEASANTS - OPERATIONS WITH SALES","TOTAL","NOT SPECIFIED","9",""
"CENSUS","1997","YEAR","","STATE","ARKANSAS","05","","","","","","","00000000","","PHEASANTS","PHEASANTS - SALES, MEASURED IN HEAD","TOTAL","NOT SPECIFIED"," (D)",""
"CENSUS","1997","YEAR","","STATE","CALIFORNIA","06","","","","","","","00000000","","PHEASANTS","PHEASANTS - OPERATIONS WITH SALES","TOTAL","NOT SPECIFIED","91",""
"CENSUS","1997","YEAR","","STATE","CALIFORNIA","06","","","","","","","00000000","","PHEASANTS","PHEASANTS - SALES, MEASURED IN HEAD","TOTAL","NOT SPECIFIED","342,463",""
"CENSUS","1997","YEAR","","STATE","COLORADO","08","","","","","","","00000000","","PHEASANTS","PHEASANTS - OPERATIONS WITH SALES","TOTAL","NOT SPECIFIED","29",""
"CENSUS","1997","YEAR","","STATE","COLORADO","08","","","","","","","00000000","","PHEASANTS","PHEASANTS - SALES, MEASURED IN HEAD","TOTAL","NOT SPECIFIED","36,101",""
"CENSUS","1997","YEAR","","STATE","CONNECTICUT","09","","","","","","","00000000","","PHEASANTS","PHEASANTS - OPERATIONS WITH SALES","TOTAL","NOT SPECIFIED","15",""
"CENSUS","1997","YEAR","","STATE","CONNECTICUT","09","","","","","","","00000000","","PHEASANTS","PHEASANTS - SALES, MEASURED IN HEAD","TOTAL","NOT SPECIFIED","98,001",""
"CENSUS","1997","YEAR","","STATE","DELAWARE","10","","","","","","","00000000","","PHEASANTS","PHEASANTS - OPERATIONS WITH SALES","TOTAL","NOT SPECIFIED","3",""
"CENSUS","1997","YEAR","","STATE","DELAWARE","10","","","","","","","00000000","","PHEASANTS","PHEASANTS - SALES, MEASURED IN HEAD","TOTAL","NOT SPECIFIED","500",""
"CENSUS","1997","YEAR","","STATE","FLORIDA","12","","","","","","","00000000","","PHEASANTS","PHEASANTS - OPERATIONS WITH SALES","TOTAL","NOT SPECIFIED","32",""
"CENSUS","1997","YEAR","","STATE","FLORIDA","12","","","","","","","00000000","","PHEASANTS","PHEASANTS - SALES, MEASURED IN HEAD","TOTAL","NOT SPECIFIED","6,413",""
"CENSUS","1997","YEAR","","STATE","GEORGIA","13","","","","","","","00000000","","PHEASANTS","PHEASANTS - OPERATIONS WITH SALES","TOTAL","NOT SPECIFIED","19",""
"CENSUS","1997","YEAR","","STATE","GEORGIA","13","","","","","","","00000000","","PHEASANTS","PHEASANTS - SALES, MEASURED IN HEAD","TOTAL","NOT SPECIFIED","18,915",""
"CENSUS","1997","YEAR","","STATE","HAWAII","15","","","","","","","00000000","","PHEASANTS","PHEASANTS - OPERATIONS WITH SALES","TOTAL","NOT SPECIFIED","2",""
"CENSUS","1997","YEAR","","STATE","HAWAII","15","","","","","","","00000000","","PHEASANTS","PHEASANTS - SALES, MEASURED IN HEAD","TOTAL","NOT SPECIFIED"," (D)",""
"CENSUS","1997","YEAR","","STATE","IDAHO","16","","","","","","","00000000","","PHEASANTS","PHEASANTS - OPERATIONS WITH SALES","TOTAL","NOT SPECIFIED","26",""
"CENSUS","1997","YEAR","","STATE","IDAHO","16","","","","","","","00000000","","PHEASANTS","PHEASANTS - SALES, MEASURED IN HEAD","TOTAL","NOT SPECIFIED","133,295",""
"CENSUS","1997","YEAR","","STATE","ILLINOIS","17","","","","","","","00000000","","PHEASANTS","PHEASANTS - OPERATIONS WITH SALES","TOTAL","NOT SPECIFIED","53",""
"CENSUS","1997","YEAR","","STATE","ILLINOIS","17","","","","","","","00000000","","PHEASANTS","PHEASANTS - SALES, MEASURED IN HEAD","TOTAL","NOT SPECIFIED","218,598",""
"CENSUS","1997","YEAR","","STATE","INDIANA","18","","","","","","","00000000","","PHEASANTS","PHEASANTS - OPERATIONS WITH SALES","TOTAL","NOT SPECIFIED","31",""
"CENSUS","1997","YEAR","","STATE","INDIANA","18","","","","","","","00000000","","PHEASANTS","PHEASANTS - SALES, MEASURED IN HEAD","TOTAL","NOT SPECIFIED","20,278",""
"CENSUS","1997","YEAR","","STATE","IOWA","19","","","","","","","00000000","","PHEASANTS","PHEASANTS - OPERATIONS WITH SALES","TOTAL","NOT SPECIFIED","20",""
"CENSUS","1997","YEAR","","STATE","IOWA","19","","","","","","","00000000","","PHEASANTS","PHEASANTS - SALES, MEASURED IN HEAD","TOTAL","NOT SPECIFIED","24,001",""
"CENSUS","1997","YEAR","","STATE","KANSAS","20","","","","","","","00000000","","PHEASANTS","PHEASANTS - OPERATIONS WITH SALES","TOTAL","NOT SPECIFIED","35",""
"CENSUS","1997","YEAR","","STATE","KANSAS","20","","","","","","","00000000","","PHEASANTS","PHEASANTS - SALES, MEASURED IN HEAD","TOTAL","NOT SPECIFIED","174,054",""
"CENSUS","1997","YEAR","","STATE","KENTUCKY","21","","","","","","","00000000","","PHEASANTS","PHEASANTS - OPERATIONS WITH SALES","TOTAL","NOT SPECIFIED","15",""
"CENSUS","1997","YEAR","","STATE","KENTUCKY","21","","","","","","","00000000","","PHEASANTS","PHEASANTS - SALES, MEASURED IN HEAD","TOTAL","NOT SPECIFIED","7,707",""
"CENSUS","1997","YEAR","","STATE","LOUISIANA","22","","","","","","","00000000","","PHEASANTS","PHEASANTS - OPERATIONS WITH SALES","TOTAL","NOT SPECIFIED","6",""
"CENSUS","1997","YEAR","","STATE","LOUISIANA","22","","","","","","","00000000","","PHEASANTS","PHEASANTS - SALES, MEASURED IN HEAD","TOTAL","NOT SPECIFIED","767",""
"CENSUS","1997","YEAR","","STATE","MAINE","23","","","","","","","00000000","","PHEASANTS","PHEASANTS - OPERATIONS WITH SALES","TOTAL","NOT SPECIFIED","3",""
"CENSUS","1997","YEAR","","STATE","MAINE","23","","","","","","","00000000","","PHEASANTS","PHEASANTS - SALES, MEASURED IN HEAD","TOTAL","NOT SPECIFIED","4,750",""
"CENSUS","1997","YEAR","","STATE","MARYLAND","24","","","","","","","00000000","","PHEASANTS","PHEASANTS - OPERATIONS WITH SALES","TOTAL","NOT SPECIFIED","13",""
"CENSUS","1997","YEAR","","STATE","MARYLAND","24","","","","","","","00000000","","PHEASANTS","PHEASANTS - SALES, MEASURED IN HEAD","TOTAL","NOT SPECIFIED","33,747",""
"CENSUS","1997","YEAR","","STATE","MASSACHUSETTS","25","","","","","","","00000000","","PHEASANTS","PHEASANTS - OPERATIONS WITH SALES","TOTAL","NOT SPECIFIED","10",""
"CENSUS","1997","YEAR","","STATE","MASSACHUSETTS","25","","","","","","","00000000","","PHEASANTS","PHEASANTS - SALES, MEASURED IN HEAD","TOTAL","NOT SPECIFIED","34,880",""
"CENSUS","1997","YEAR","","STATE","MICHIGAN","26","","","","","","","00000000","","PHEASANTS","PHEASANTS - OPERATIONS WITH SALES","TOTAL","NOT SPECIFIED","80",""
"CENSUS","1997","YEAR","","STATE","MICHIGAN","26","","","","","","","00000000","","PHEASANTS","PHEASANTS - SALES, MEASURED IN HEAD","TOTAL","NOT SPECIFIED","178,326",""
"CENSUS","1997","YEAR","","STATE","MINNESOTA","27","","","","","","","00000000","","PHEASANTS","PHEASANTS - OPERATIONS WITH SALES","TOTAL","NOT SPECIFIED","113",""
"CENSUS","1997","YEAR","","STATE","MINNESOTA","27","","","","","","","00000000","","PHEASANTS","PHEASANTS - SALES, MEASURED IN HEAD","TOTAL","NOT SPECIFIED","643,459",""
"CENSUS","1997","YEAR","","STATE","MISSISSIPPI","28","","","","","","","00000000","","PHEASANTS","PHEASANTS - OPERATIONS WITH SALES","TOTAL","NOT SPECIFIED","1",""
"CENSUS","1997","YEAR","","STATE","MISSISSIPPI","28","","","","","","","00000000","","PHEASANTS","PHEASANTS - SALES, MEASURED IN HEAD","TOTAL","NOT SPECIFIED"," (D)",""
"CENSUS","1997","YEAR","","STATE","MISSOURI","29","","","","","","","00000000","","PHEASANTS","PHEASANTS - OPERATIONS WITH SALES","TOTAL","NOT SPECIFIED","31",""
"CENSUS","1997","YEAR","","STATE","MISSOURI","29","","","","","","","00000000","","PHEASANTS","PHEASANTS - SALES, MEASURED IN HEAD","TOTAL","NOT SPECIFIED","26,426",""
"CENSUS","1997","YEAR","","STATE","MONTANA","30","","","","","","","00000000","","PHEASANTS","PHEASANTS - OPERATIONS WITH SALES","TOTAL","NOT SPECIFIED","17",""
"CENSUS","1997","YEAR","","STATE","MONTANA","30","","","","","","","00000000","","PHEASANTS","PHEASANTS - SALES, MEASURED IN HEAD","TOTAL","NOT SPECIFIED","150,111",""
"CENSUS","1997","YEAR","","STATE","NEBRASKA","31","","","","","","","00000000","","PHEASANTS","PHEASANTS - OPERATIONS WITH SALES","TOTAL","NOT SPECIFIED","8",""
"CENSUS","1997","YEAR","","STATE","NEBRASKA","31","","","","","","","00000000","","PHEASANTS","PHEASANTS - SALES, MEASURED IN HEAD","TOTAL","NOT SPECIFIED"," (D)",""
"CENSUS","1997","YEAR","","STATE","NEVADA","32","","","","","","","00000000","","PHEASANTS","PHEASANTS - OPERATIONS WITH SALES","TOTAL","NOT SPECIFIED","4",""
"CENSUS","1997","YEAR","","STATE","NEVADA","32","","","","","","","00000000","","PHEASANTS","PHEASANTS - SALES, MEASURED IN HEAD","TOTAL","NOT SPECIFIED"," (D)",""
"CENSUS","1997","YEAR","","STATE","NEW HAMPSHIRE","33","","","","","","","00000000","","PHEASANTS","PHEASANTS - OPERATIONS WITH SALES","TOTAL","NOT SPECIFIED","4",""
"CENSUS","1997","YEAR","","STATE","NEW HAMPSHIRE","33","","","","","","","00000000","","PHEASANTS","PHEASANTS - SALES, MEASURED IN HEAD","TOTAL","NOT SPECIFIED","3,875",""
"CENSUS","1997","YEAR","","STATE","NEW JERSEY","34","","","","","","","00000000","","PHEASANTS","PHEASANTS - OPERATIONS WITH SALES","TOTAL","NOT SPECIFIED","37",""
"CENSUS","1997","YEAR","","STATE","NEW JERSEY","34","","","","","","","00000000","","PHEASANTS","PHEASANTS - SALES, MEASURED IN HEAD","TOTAL","NOT SPECIFIED","152,966",""
"CENSUS","1997","YEAR","","STATE","NEW MEXICO","35","","","","","","","00000000","","PHEASANTS","PHEASANTS - OPERATIONS WITH SALES","TOTAL","NOT SPECIFIED","14",""
"CENSUS","1997","YEAR","","STATE","NEW MEXICO","35","","","","","","","00000000","","PHEASANTS","PHEASANTS - SALES, MEASURED IN HEAD","TOTAL","NOT SPECIFIED","7,580",""
"CENSUS","1997","YEAR","","STATE","NEW YORK","36","","","","","","","00000000","","PHEASANTS","PHEASANTS - OPERATIONS WITH SALES","TOTAL","NOT SPECIFIED","66",""
"CENSUS","1997","YEAR","","STATE","NEW YORK","36","","","","","","","00000000","","PHEASANTS","PHEASANTS - SALES, MEASURED IN HEAD","TOTAL","NOT SPECIFIED","252,793",""
"CENSUS","1997","YEAR","","STATE","NORTH CAROLINA","37","","","","","","","00000000","","PHEASANTS","PHEASANTS - OPERATIONS WITH SALES","TOTAL","NOT SPECIFIED","19",""
"CENSUS","1997","YEAR","","STATE","NORTH CAROLINA","37","","","","","","","00000000","","PHEASANTS","PHEASANTS - SALES, MEASURED IN HEAD","TOTAL","NOT SPECIFIED","29,514",""
"CENSUS","1997","YEAR","","STATE","NORTH DAKOTA","38","","","","","","","00000000","","PHEASANTS","PHEASANTS - OPERATIONS WITH SALES","TOTAL","NOT SPECIFIED","16",""
"CENSUS","1997","YEAR","","STATE","NORTH DAKOTA","38","","","","","","","00000000","","PHEASANTS","PHEASANTS - SALES, MEASURED IN HEAD","TOTAL","NOT SPECIFIED","32,678",""
"CENSUS","1997","YEAR","","STATE","OHIO","39","","","","","","","00000000","","PHEASANTS","PHEASANTS - OPERATIONS WITH SALES","TOTAL","NOT SPECIFIED","83",""
"CENSUS","1997","YEAR","","STATE","OHIO","39","","","","","","","00000000","","PHEASANTS","PHEASANTS - SALES, MEASURED IN HEAD","TOTAL","NOT SPECIFIED","245,601",""
"CENSUS","1997","YEAR","","STATE","OKLAHOMA","40","","","","","","","00000000","","PHEASANTS","PHEASANTS - OPERATIONS WITH SALES","TOTAL","NOT SPECIFIED","32",""
"CENSUS","1997","YEAR","","STATE","OKLAHOMA","40","","","","","","","00000000","","PHEASANTS","PHEASANTS - SALES, MEASURED IN HEAD","TOTAL","NOT SPECIFIED","23,494",""
"CENSUS","1997","YEAR","","STATE","OREGON","41","","","","","","","00000000","","PHEASANTS","PHEASANTS - OPERATIONS WITH SALES","TOTAL","NOT SPECIFIED","53",""
"CENSUS","1997","YEAR","","STATE","OREGON","41","","","","","","","00000000","","PHEASANTS","PHEASANTS - SALES, MEASURED IN HEAD","TOTAL","NOT SPECIFIED","21,012",""
"CENSUS","1997","YEAR","","STATE","PENNSYLVANIA","42","","","","","","","00000000","","PHEASANTS","PHEASANTS - OPERATIONS WITH SALES","TOTAL","NOT SPECIFIED","79",""
"CENSUS","1997","YEAR","","STATE","PENNSYLVANIA","42","","","","","","","00000000","","PHEASANTS","PHEASANTS - SALES, MEASURED IN HEAD","TOTAL","NOT SPECIFIED","456,406",""
"CENSUS","1997","YEAR","","STATE","RHODE ISLAND","44","","","","","","","00000000","","PHEASANTS","PHEASANTS - OPERATIONS WITH SALES","TOTAL","NOT SPECIFIED","2",""
"CENSUS","1997","YEAR","","STATE","RHODE ISLAND","44","","","","","","","00000000","","PHEASANTS","PHEASANTS - SALES, MEASURED IN HEAD","TOTAL","NOT SPECIFIED"," (D)",""
"CENSUS","1997","YEAR","","STATE","SOUTH CAROLINA","45","","","","","","","00000000","","PHEASANTS","PHEASANTS - OPERATIONS WITH SALES","TOTAL","NOT SPECIFIED","5",""
"CENSUS","1997","YEAR","","STATE","SOUTH CAROLINA","45","","","","","","","00000000","","PHEASANTS","PHEASANTS - SALES, MEASURED IN HEAD","TOTAL","NOT SPECIFIED"," (D)",""
"CENSUS","1997","YEAR","","STATE","SOUTH DAKOTA","46","","","","","","","00000000","","PHEASANTS","PHEASANTS - OPERATIONS WITH SALES","TOTAL","NOT SPECIFIED","49",""
"CENSUS","1997","YEAR","","STATE","SOUTH DAKOTA","46","","","","","","","00000000","","PHEASANTS","PHEASANTS - SALES, MEASURED IN HEAD","TOTAL","NOT SPECIFIED","199,917",""
"CENSUS","1997","YEAR","","STATE","TENNESSEE","47","","","","","","","00000000","","PHEASANTS","PHEASANTS - OPERATIONS WITH SALES","TOTAL","NOT SPECIFIED","17",""
"CENSUS","1997","YEAR","","STATE","TENNESSEE","47","","","","","","","00000000","","PHEASANTS","PHEASANTS - SALES, MEASURED IN HEAD","TOTAL","NOT SPECIFIED","2,022",""
"CENSUS","1997","YEAR","","STATE","TEXAS","48","","","","","","","00000000","","PHEASANTS","PHEASANTS - OPERATIONS WITH SALES","TOTAL","NOT SPECIFIED","67",""
"CENSUS","1997","YEAR","","STATE","TEXAS","48","","","","","","","00000000","","PHEASANTS","PHEASANTS - SALES, MEASURED IN HEAD","TOTAL","NOT SPECIFIED","49,633",""
"CENSUS","1997","YEAR","","STATE","UTAH","49","","","","","","","00000000","","PHEASANTS","PHEASANTS - OPERATIONS WITH SALES","TOTAL","NOT SPECIFIED","52",""
"CENSUS","1997","YEAR","","STATE","UTAH","49","","","","","","","00000000","","PHEASANTS","PHEASANTS - SALES, MEASURED IN HEAD","TOTAL","NOT SPECIFIED","324,088",""
"CENSUS","1997","YEAR","","STATE","VERMONT","50","","","","","","","00000000","","PHEASANTS","PHEASANTS - OPERATIONS WITH SALES","TOTAL","NOT SPECIFIED","14",""
"CENSUS","1997","YEAR","","STATE","VERMONT","50","","","","","","","00000000","","PHEASANTS","PHEASANTS - SALES, MEASURED IN HEAD","TOTAL","NOT SPECIFIED","18,740",""
"CENSUS","1997","YEAR","","STATE","VIRGINIA","51","","","","","","","00000000","","PHEASANTS","PHEASANTS - OPERATIONS WITH SALES","TOTAL","NOT SPECIFIED","17",""
"CENSUS","1997","YEAR","","STATE","VIRGINIA","51","","","","","","","00000000","","PHEASANTS","PHEASANTS - SALES, MEASURED IN HEAD","TOTAL","NOT SPECIFIED","10,626",""
"CENSUS","1997","YEAR","","STATE","WASHINGTON","53","","","","","","","00000000","","PHEASANTS","PHEASANTS - OPERATIONS WITH SALES","TOTAL","NOT SPECIFIED","46",""
"CENSUS","1997","YEAR","","STATE","WASHINGTON","53","","","","","","","00000000","","PHEASANTS","PHEASANTS - SALES, MEASURED IN HEAD","TOTAL","NOT SPECIFIED","18,239",""
"CENSUS","1997","YEAR","","STATE","WEST VIRGINIA","54","","","","","","","00000000","","PHEASANTS","PHEASANTS - OPERATIONS WITH SALES","TOTAL","NOT SPECIFIED","3",""
"CENSUS","1997","YEAR","","STATE","WEST VIRGINIA","54","","","","","","","00000000","","PHEASANTS","PHEASANTS - SALES, MEASURED IN HEAD","TOTAL","NOT SPECIFIED"," (D)",""
"CENSUS","1997","YEAR","","STATE","WISCONSIN","55","","","","","","","00000000","","PHEASANTS","PHEASANTS - OPERATIONS WITH SALES","TOTAL","NOT SPECIFIED","97",""
"CENSUS","1997","YEAR","","STATE","WISCONSIN","55","","","","","","","00000000","","PHEASANTS","PHEASANTS - SALES, MEASURED IN HEAD","TOTAL","NOT SPECIFIED","1,338,447",""
"CENSUS","1997","YEAR","","STATE","WYOMING","56","","","","","","","00000000","","PHEASANTS","PHEASANTS - OPERATIONS WITH SALES","TOTAL","NOT SPECIFIED","8",""
"CENSUS","1997","YEAR","","STATE","WYOMING","56","","","","","","","00000000","","PHEASANTS","PHEASANTS - SALES, MEASURED IN HEAD","TOTAL","NOT SPECIFIED","8,938",""
"CENSUS","1997","END OF DEC","","STATE","ALABAMA","01","","","","","","","00000000","","PHEASANTS","PHEASANTS - INVENTORY","TOTAL","NOT SPECIFIED","3,094",""
"CENSUS","1997","END OF DEC","","STATE","ALABAMA","01","","","","","","","00000000","","PHEASANTS","PHEASANTS - OPERATIONS WITH INVENTORY","TOTAL","NOT SPECIFIED","29",""
"CENSUS","1997","END OF DEC","","STATE","ALASKA","02","","","","","","","00000000","","PHEASANTS","PHEASANTS - INVENTORY","TOTAL","NOT SPECIFIED","21",""
"CENSUS","1997","END OF DEC","","STATE","ALASKA","02","","","","","","","00000000","","PHEASANTS","PHEASANTS - OPERATIONS WITH INVENTORY","TOTAL","NOT SPECIFIED","4",""
"CENSUS","1997","END OF DEC","","STATE","ARIZONA","04","","","","","","","00000000","","PHEASANTS","PHEASANTS - INVENTORY","TOTAL","NOT SPECIFIED","2,567",""
"CENSUS","1997","END OF DEC","","STATE","ARIZONA","04","","","","","","","00000000","","PHEASANTS","PHEASANTS - OPERATIONS WITH INVENTORY","TOTAL","NOT SPECIFIED","13",""
"CENSUS","1997","END OF DEC","","STATE","ARKANSAS","05","","","","","","","00000000","","PHEASANTS","PHEASANTS - INVENTORY","TOTAL","NOT SPECIFIED","609",""
"CENSUS","1997","END OF DEC","","STATE","ARKANSAS","05","","","","","","","00000000","","PHEASANTS","PHEASANTS - OPERATIONS WITH INVENTORY","TOTAL","NOT SPECIFIED","23",""
"CENSUS","1997","END OF DEC","","STATE","CALIFORNIA","06","","","","","","","00000000","","PHEASANTS","PHEASANTS - INVENTORY","TOTAL","NOT SPECIFIED","176,212",""
"CENSUS","1997","END OF DEC","","STATE","CALIFORNIA","06","","","","","","","00000000","","PHEASANTS","PHEASANTS - OPERATIONS WITH INVENTORY","TOTAL","NOT SPECIFIED","156",""
"CENSUS","1997","END OF DEC","","STATE","COLORADO","08","","","","","","","00000000","","PHEASANTS","PHEASANTS - INVENTORY","TOTAL","NOT SPECIFIED","11,265",""
"CENSUS","1997","END OF DEC","","STATE","COLORADO","08","","","","","","","00000000","","PHEASANTS","PHEASANTS - OPERATIONS WITH INVENTORY","TOTAL","NOT SPECIFIED","59",""
"CENSUS","1997","END OF DEC","","STATE","CONNECTICUT","09","","","","","","","00000000","","PHEASANTS","PHEASANTS - INVENTORY","TOTAL","NOT SPECIFIED","6,886",""
"CENSUS","1997","END OF DEC","","STATE","CONNECTICUT","09","","","","","","","00000000","","PHEASANTS","PHEASANTS - OPERATIONS WITH INVENTORY","TOTAL","NOT SPECIFIED","26",""
"CENSUS","1997","END OF DEC","","STATE","DELAWARE","10","","","","","","","00000000","","PHEASANTS","PHEASANTS - INVENTORY","TOTAL","NOT SPECIFIED","95",""
"CENSUS","1997","END OF DEC","","STATE","DELAWARE","10","","","","","","","00000000","","PHEASANTS","PHEASANTS - OPERATIONS WITH INVENTORY","TOTAL","NOT SPECIFIED","5",""
"CENSUS","1997","END OF DEC","","STATE","FLORIDA","12","","","","","","","00000000","","PHEASANTS","PHEASANTS - INVENTORY","TOTAL","NOT SPECIFIED","8,044",""
"CENSUS","1997","END OF DEC","","STATE","FLORIDA","12","","","","","","","00000000","","PHEASANTS","PHEASANTS - OPERATIONS WITH INVENTORY","TOTAL","NOT SPECIFIED","58",""
"CENSUS","1997","END OF DEC","","STATE","GEORGIA","13","","","","","","","00000000","","PHEASANTS","PHEASANTS - INVENTORY","TOTAL","NOT SPECIFIED","6,630",""
"CENSUS","1997","END OF DEC","","STATE","GEORGIA","13","","","","","","","00000000","","PHEASANTS","PHEASANTS - OPERATIONS WITH INVENTORY","TOTAL","NOT SPECIFIED","29",""
"CENSUS","1997","END OF DEC","","STATE","HAWAII","15","","","","","","","00000000","","PHEASANTS","PHEASANTS - INVENTORY","TOTAL","NOT SPECIFIED"," (D)",""
"CENSUS","1997","END OF DEC","","STATE","HAWAII","15","","","","","","","00000000","","PHEASANTS","PHEASANTS - OPERATIONS WITH INVENTORY","TOTAL","NOT SPECIFIED","4",""
"CENSUS","1997","END OF DEC","","STATE","IDAHO","16","","","","","","","00000000","","PHEASANTS","PHEASANTS - INVENTORY","TOTAL","NOT SPECIFIED","26,807",""
"CENSUS","1997","END OF DEC","","STATE","IDAHO","16","","","","","","","00000000","","PHEASANTS","PHEASANTS - OPERATIONS WITH INVENTORY","TOTAL","NOT SPECIFIED","75",""
"CENSUS","1997","END OF DEC","","STATE","ILLINOIS","17","","","","","","","00000000","","PHEASANTS","PHEASANTS - INVENTORY","TOTAL","NOT SPECIFIED","108,046",""
"CENSUS","1997","END OF DEC","","STATE","ILLINOIS","17","","","","","","","00000000","","PHEASANTS","PHEASANTS - OPERATIONS WITH INVENTORY","TOTAL","NOT SPECIFIED","85",""
"CENSUS","1997","END OF DEC","","STATE","INDIANA","18","","","","","","","00000000","","PHEASANTS","PHEASANTS - INVENTORY","TOTAL","NOT SPECIFIED","3,609",""
"CENSUS","1997","END OF DEC","","STATE","INDIANA","18","","","","","","","00000000","","PHEASANTS","PHEASANTS - OPERATIONS WITH INVENTORY","TOTAL","NOT SPECIFIED","65",""
"CENSUS","1997","END OF DEC","","STATE","IOWA","19","","","","","","","00000000","","PHEASANTS","PHEASANTS - INVENTORY","TOTAL","NOT SPECIFIED","6,839",""
"CENSUS","1997","END OF DEC","","STATE","IOWA","19","","","","","","","00000000","","PHEASANTS","PHEASANTS - OPERATIONS WITH INVENTORY","TOTAL","NOT SPECIFIED","58",""
"CENSUS","1997","END OF DEC","","STATE","KANSAS","20","","","","","","","00000000","","PHEASANTS","PHEASANTS - INVENTORY","TOTAL","NOT SPECIFIED","87,401",""
"CENSUS","1997","END OF DEC","","STATE","KANSAS","20","","","","","","","00000000","","PHEASANTS","PHEASANTS - OPERATIONS WITH INVENTORY","TOTAL","NOT SPECIFIED","63",""
"CENSUS","1997","END OF DEC","","STATE","KENTUCKY","21","","","","","","","00000000","","PHEASANTS","PHEASANTS - INVENTORY","TOTAL","NOT SPECIFIED","4,253",""
"CENSUS","1997","END OF DEC","","STATE","KENTUCKY","21","","","","","","","00000000","","PHEASANTS","PHEASANTS - OPERATIONS WITH INVENTORY","TOTAL","NOT SPECIFIED","39",""
"CENSUS","1997","END OF DEC","","STATE","LOUISIANA","22","","","","","","","00000000","","PHEASANTS","PHEASANTS - INVENTORY","TOTAL","NOT SPECIFIED","604",""
"CENSUS","1997","END OF DEC","","STATE","LOUISIANA","22","","","","","","","00000000","","PHEASANTS","PHEASANTS - OPERATIONS WITH INVENTORY","TOTAL","NOT SPECIFIED","15",""
"CENSUS","1997","END OF DEC","","STATE","MAINE","23","","","","","","","00000000","","PHEASANTS","PHEASANTS - INVENTORY","TOTAL","NOT SPECIFIED","1,538",""
"CENSUS","1997","END OF DEC","","STATE","MAINE","23","","","","","","","00000000","","PHEASANTS","PHEASANTS - OPERATIONS WITH INVENTORY","TOTAL","NOT SPECIFIED","29",""
"CENSUS","1997","END OF DEC","","STATE","MARYLAND","24","","","","","","","00000000","","PHEASANTS","PHEASANTS - INVENTORY","TOTAL","NOT SPECIFIED","14,817",""
"CENSUS","1997","END OF DEC","","STATE","MARYLAND","24","","","","","","","00000000","","PHEASANTS","PHEASANTS - OPERATIONS WITH INVENTORY","TOTAL","NOT SPECIFIED","15",""
"CENSUS","1997","END OF DEC","","STATE","MASSACHUSETTS","25","","","","","","","00000000","","PHEASANTS","PHEASANTS - INVENTORY","TOTAL","NOT SPECIFIED","8,423",""
"CENSUS","1997","END OF DEC","","STATE","MASSACHUSETTS","25","","","","","","","00000000","","PHEASANTS","PHEASANTS - OPERATIONS WITH INVENTORY","TOTAL","NOT SPECIFIED","27",""
"CENSUS","1997","END OF DEC","","STATE","MICHIGAN","26","","","","","","","00000000","","PHEASANTS","PHEASANTS - INVENTORY","TOTAL","NOT SPECIFIED","47,060",""
"CENSUS","1997","END OF DEC","","STATE","MICHIGAN","26","","","","","","","00000000","","PHEASANTS","PHEASANTS - OPERATIONS WITH INVENTORY","TOTAL","NOT SPECIFIED","153",""
"CENSUS","1997","END OF DEC","","STATE","MINNESOTA","27","","","","","","","00000000","","PHEASANTS","PHEASANTS - INVENTORY","TOTAL","NOT SPECIFIED","58,228",""
"CENSUS","1997","END OF DEC","","STATE","MINNESOTA","27","","","","","","","00000000","","PHEASANTS","PHEASANTS - OPERATIONS WITH INVENTORY","TOTAL","NOT SPECIFIED","178",""
"CENSUS","1997","END OF DEC","","STATE","MISSISSIPPI","28","","","","","","","00000000","","PHEASANTS","PHEASANTS - INVENTORY","TOTAL","NOT SPECIFIED"," (D)",""
"CENSUS","1997","END OF DEC","","STATE","MISSISSIPPI","28","","","","","","","00000000","","PHEASANTS","PHEASANTS - OPERATIONS WITH INVENTORY","TOTAL","NOT SPECIFIED","6",""
"CENSUS","1997","END OF DEC","","STATE","MISSOURI","29","","","","","","","00000000","","PHEASANTS","PHEASANTS - INVENTORY","TOTAL","NOT SPECIFIED","15,723",""
"CENSUS","1997","END OF DEC","","STATE","MISSOURI","29","","","","","","","00000000","","PHEASANTS","PHEASANTS - OPERATIONS WITH INVENTORY","TOTAL","NOT SPECIFIED","54",""
"CENSUS","1997","END OF DEC","","STATE","MONTANA","30","","","","","","","00000000","","PHEASANTS","PHEASANTS - INVENTORY","TOTAL","NOT SPECIFIED","9,420",""
"CENSUS","1997","END OF DEC","","STATE","MONTANA","30","","","","","","","00000000","","PHEASANTS","PHEASANTS - OPERATIONS WITH INVENTORY","TOTAL","NOT SPECIFIED","40",""
"CENSUS","1997","END OF DEC","","STATE","NEBRASKA","31","","","","","","","00000000","","PHEASANTS","PHEASANTS - INVENTORY","TOTAL","NOT SPECIFIED","4,131",""
"CENSUS","1997","END OF DEC","","STATE","NEBRASKA","31","","","","","","","00000000","","PHEASANTS","PHEASANTS - OPERATIONS WITH INVENTORY","TOTAL","NOT SPECIFIED","25",""
"CENSUS","1997","END OF DEC","","STATE","NEVADA","32","","","","","","","00000000","","PHEASANTS","PHEASANTS - INVENTORY","TOTAL","NOT SPECIFIED","607",""
"CENSUS","1997","END OF DEC","","STATE","NEVADA","32","","","","","","","00000000","","PHEASANTS","PHEASANTS - OPERATIONS WITH INVENTORY","TOTAL","NOT SPECIFIED","11",""
"CENSUS","1997","END OF DEC","","STATE","NEW HAMPSHIRE","33","","","","","","","00000000","","PHEASANTS","PHEASANTS - INVENTORY","TOTAL","NOT SPECIFIED","546",""
"CENSUS","1997","END OF DEC","","STATE","NEW HAMPSHIRE","33","","","","","","","00000000","","PHEASANTS","PHEASANTS - OPERATIONS WITH INVENTORY","TOTAL","NOT SPECIFIED","10",""
"CENSUS","1997","END OF DEC","","STATE","NEW JERSEY","34","","","","","","","00000000","","PHEASANTS","PHEASANTS - INVENTORY","TOTAL","NOT SPECIFIED","90,219",""
"CENSUS","1997","END OF DEC","","STATE","NEW JERSEY","34","","","","","","","00000000","","PHEASANTS","PHEASANTS - OPERATIONS WITH INVENTORY","TOTAL","NOT SPECIFIED","50",""
"CENSUS","1997","END OF DEC","","STATE","NEW MEXICO","35","","","","","","","00000000","","PHEASANTS","PHEASANTS - INVENTORY","TOTAL","NOT SPECIFIED","1,075",""
"CENSUS","1997","END OF DEC","","STATE","NEW MEXICO","35","","","","","","","00000000","","PHEASANTS","PHEASANTS - OPERATIONS WITH INVENTORY","TOTAL","NOT SPECIFIED","26",""
"CENSUS","1997","END OF DEC","","STATE","NEW YORK","36","","","","","","","00000000","","PHEASANTS","PHEASANTS - INVENTORY","TOTAL","NOT SPECIFIED","46,560",""
"CENSUS","1997","END OF DEC","","STATE","NEW YORK","36","","","","","","","00000000","","PHEASANTS","PHEASANTS - OPERATIONS WITH INVENTORY","TOTAL","NOT SPECIFIED","151",""
"CENSUS","1997","END OF DEC","","STATE","NORTH CAROLINA","37","","","","","","","00000000","","PHEASANTS","PHEASANTS - INVENTORY","TOTAL","NOT SPECIFIED","9,085",""
"CENSUS","1997","END OF DEC","","STATE","NORTH CAROLINA","37","","","","","","","00000000","","PHEASANTS","PHEASANTS - OPERATIONS WITH INVENTORY","TOTAL","NOT SPECIFIED","37",""
"CENSUS","1997","END OF DEC","","STATE","NORTH DAKOTA","38","","","","","","","00000000","","PHEASANTS","PHEASANTS - INVENTORY","TOTAL","NOT SPECIFIED","4,867",""
"CENSUS","1997","END OF DEC","","STATE","NORTH DAKOTA","38","","","","","","","00000000","","PHEASANTS","PHEASANTS - OPERATIONS WITH INVENTORY","TOTAL","NOT SPECIFIED","30",""
"CENSUS","1997","END OF DEC","","STATE","OHIO","39","","","","","","","00000000","","PHEASANTS","PHEASANTS - INVENTORY","TOTAL","NOT SPECIFIED","60,068",""
"CENSUS","1997","END OF DEC","","STATE","OHIO","39","","","","","","","00000000","","PHEASANTS","PHEASANTS - OPERATIONS WITH INVENTORY","TOTAL","NOT SPECIFIED","145",""
"CENSUS","1997","END OF DEC","","STATE","OKLAHOMA","40","","","","","","","00000000","","PHEASANTS","PHEASANTS - INVENTORY","TOTAL","NOT SPECIFIED","8,477",""
"CENSUS","1997","END OF DEC","","STATE","OKLAHOMA","40","","","","","","","00000000","","PHEASANTS","PHEASANTS - OPERATIONS WITH INVENTORY","TOTAL","NOT SPECIFIED","53",""
"CENSUS","1997","END OF DEC","","STATE","OREGON","41","","","","","","","00000000","","PHEASANTS","PHEASANTS - INVENTORY","TOTAL","NOT SPECIFIED","11,877",""
"CENSUS","1997","END OF DEC","","STATE","OREGON","41","","","","","","","00000000","","PHEASANTS","PHEASANTS - OPERATIONS WITH INVENTORY","TOTAL","NOT SPECIFIED","148",""
"CENSUS","1997","END OF DEC","","STATE","PENNSYLVANIA","42","","","","","","","00000000","","PHEASANTS","PHEASANTS - INVENTORY","TOTAL","NOT SPECIFIED","96,615",""
"CENSUS","1997","END OF DEC","","STATE","PENNSYLVANIA","42","","","","","","","00000000","","PHEASANTS","PHEASANTS - OPERATIONS WITH INVENTORY","TOTAL","NOT SPECIFIED","165",""
"CENSUS","1997","END OF DEC","","STATE","RHODE ISLAND","44","","","","","","","00000000","","PHEASANTS","PHEASANTS - INVENTORY","TOTAL","NOT SPECIFIED"," (D)",""
"CENSUS","1997","END OF DEC","","STATE","RHODE ISLAND","44","","","","","","","00000000","","PHEASANTS","PHEASANTS - OPERATIONS WITH INVENTORY","TOTAL","NOT SPECIFIED","7",""
"CENSUS","1997","END OF DEC","","STATE","SOUTH CAROLINA","45","","","","","","","00000000","","PHEASANTS","PHEASANTS - INVENTORY","TOTAL","NOT SPECIFIED","941",""
"CENSUS","1997","END OF DEC","","STATE","SOUTH CAROLINA","45","","","","","","","00000000","","PHEASANTS","PHEASANTS - OPERATIONS WITH INVENTORY","TOTAL","NOT SPECIFIED","22",""
"CENSUS","1997","END OF DEC","","STATE","SOUTH DAKOTA","46","","","","","","","00000000","","PHEASANTS","PHEASANTS - INVENTORY","TOTAL","NOT SPECIFIED","71,356",""
"CENSUS","1997","END OF DEC","","STATE","SOUTH DAKOTA","46","","","","","","","00000000","","PHEASANTS","PHEASANTS - OPERATIONS WITH INVENTORY","TOTAL","NOT SPECIFIED","58",""
"CENSUS","1997","END OF DEC","","STATE","TENNESSEE","47","","","","","","","00000000","","PHEASANTS","PHEASANTS - INVENTORY","TOTAL","NOT SPECIFIED","2,897",""
"CENSUS","1997","END OF DEC","","STATE","TENNESSEE","47","","","","","","","00000000","","PHEASANTS","PHEASANTS - OPERATIONS WITH INVENTORY","TOTAL","NOT SPECIFIED","79",""
"CENSUS","1997","END OF DEC","","STATE","TEXAS","48","","","","","","","00000000","","PHEASANTS","PHEASANTS - INVENTORY","TOTAL","NOT SPECIFIED","36,010",""
"CENSUS","1997","END OF DEC","","STATE","TEXAS","48","","","","","","","00000000","","PHEASANTS","PHEASANTS - OPERATIONS WITH INVENTORY","TOTAL","NOT SPECIFIED","211",""
"CENSUS","1997","END OF DEC","","STATE","UTAH","49","","","","","","","00000000","","PHEASANTS","PHEASANTS - INVENTORY","TOTAL","NOT SPECIFIED","48,084",""
"CENSUS","1997","END OF DEC","","STATE","UTAH","49","","","","","","","00000000","","PHEASANTS","PHEASANTS - OPERATIONS WITH INVENTORY","TOTAL","NOT SPECIFIED","59",""
"CENSUS","1997","END OF DEC","","STATE","VERMONT","50","","","","","","","00000000","","PHEASANTS","PHEASANTS - INVENTORY","TOTAL","NOT SPECIFIED","5,643",""
"CENSUS","1997","END OF DEC","","STATE","VERMONT","50","","","","","","","00000000","","PHEASANTS","PHEASANTS - OPERATIONS WITH INVENTORY","TOTAL","NOT SPECIFIED","36",""
"CENSUS","1997","END OF DEC","","STATE","VIRGINIA","51","","","","","","","00000000","","PHEASANTS","PHEASANTS - INVENTORY","TOTAL","NOT SPECIFIED","10,268",""
"CENSUS","1997","END OF DEC","","STATE","VIRGINIA","51","","","","","","","00000000","","PHEASANTS","PHEASANTS - OPERATIONS WITH INVENTORY","TOTAL","NOT SPECIFIED","61",""
"CENSUS","1997","END OF DEC","","STATE","WASHINGTON","53","","","","","","","00000000","","PHEASANTS","PHEASANTS - INVENTORY","TOTAL","NOT SPECIFIED","8,886",""
"CENSUS","1997","END OF DEC","","STATE","WASHINGTON","53","","","","","","","00000000","","PHEASANTS","PHEASANTS - OPERATIONS WITH INVENTORY","TOTAL","NOT SPECIFIED","119",""
"CENSUS","1997","END OF DEC","","STATE","WEST VIRGINIA","54","","","","","","","00000000","","PHEASANTS","PHEASANTS - INVENTORY","TOTAL","NOT SPECIFIED","276",""
"CENSUS","1997","END OF DEC","","STATE","WEST VIRGINIA","54","","","","","","","00000000","","PHEASANTS","PHEASANTS - OPERATIONS WITH INVENTORY","TOTAL","NOT SPECIFIED","17",""
"CENSUS","1997","END OF DEC","","STATE","WISCONSIN","55","","","","","","","00000000","","PHEASANTS","PHEASANTS - INVENTORY","TOTAL","NOT SPECIFIED","272,583",""
"CENSUS","1997","END OF DEC","","STATE","WISCONSIN","55","","","","","","","00000000","","PHEASANTS","PHEASANTS - OPERATIONS WITH INVENTORY","TOTAL","NOT SPECIFIED","189",""
"CENSUS","1997","END OF DEC","","STATE","WYOMING","56","","","","","","","00000000","","PHEASANTS","PHEASANTS - INVENTORY","TOTAL","NOT SPECIFIED","7,593",""
"CENSUS","1997","END OF DEC","","STATE","WYOMING","56","","","","","","","00000000","","PHEASANTS","PHEASANTS - OPERATIONS WITH INVENTORY","TOTAL","NOT SPECIFIED","9",""
